1.0 0.5705377 0.42322174 0.715677 0.82575446 0.37839386 0.19626467 -0.1358676 -0.31857076 -0.17362708 -0.2622789 -0.41202402 -0.36666185 -0.2604603 -0.24541543 -0.2825414 -0.3030486 -0.35897055 -0.48088416 -0.4097789 -0.4660224 -0.40345383 -0.1877721 -0.019608183 -0.12690605 -0.06966312 0.009295574 -0.13244028 -0.22476006 -0.20205379 -0.012963586 -0.17829175 -0.19115141 -0.21837598 -0.031837072 -0.2691438 -0.22586852 -0.25575355 -0.357249 -0.33587942 -0.17773674 0.07996467 -0.0791835 -0.006208695 0.11761467 0.16277887 0.083568074 -0.06960821 -0.25945893 -0.3521557 -0.15137091 0.12699927 0.052646704 -0.044688556 -0.054024138 0.18344077 0.5554746 0.54518193 0.42858577 NaN NaN 0.5818549 0.62727565 0.617616 0.6125821 0.23862468 0.42746294 0.6170276 0.6271684 0.24747662 0.6717682 0.66901225 0.40248895 0.14762548 0.11137218 0.09344169 -0.09028098 -0.32331705 -0.45540786 -0.40945005 -0.3992927 -0.4678425 -0.5104256 -0.5225323 -0.5252693 -0.48653647 -0.57672787 -0.47982773 -0.49001005 -0.51106626 -0.5929513 -0.57555276 -0.42892858 -0.6625975 -0.6156568 -0.6206134 -0.43038857 -0.043838494 0.17553212 0.12714599 0.13878395 0.058172904 -0.04098913 -0.40206763 -0.17851408 -0.021516265 -0.10906491 -0.23922317 -0.4235874 -0.3522162 -0.48247847 -0.4134474 -0.44700086 -0.43965605 -0.5807656 -0.5653042 -0.44505954 -0.58244324 -0.48425296 -0.5821742 -0.6183358 -0.5902205 -0.50260764 -0.48064712 -0.46782255 -0.41446304 -0.47939664 -0.33995607 0.06553454 0.031516418 -0.05791225 -0.124625444 -0.27873495 -0.43021366 -0.22583918 -0.42217952 -0.39845577 -0.43901294 -0.12183845 -0.058563776 -0.09532314 -0.29500175 -0.32941344 -0.41940367 -0.30030662 -0.07182578 0.072313964 -0.11523764 -0.037441067 0.1144972 0.15793055 0.18224958 0.5335488 0.46864122 0.502153 0.33505428 0.25694036 0.516629 0.4621271 0.46824187 
0.5705377 1.0 0.9421399 0.22935106 0.30323812 0.92883456 0.83289284 0.309759 -0.21571526 -0.43986624 -0.43671876 -0.3986397 -0.4243992 -0.4654236 -0.45297584 -0.47714835 -0.4482511 -0.085563235 -0.45574087 -0.49599954 -0.17843595 -0.13447347 0.42928576 0.63454807 0.507876 0.4601044 0.6824403 0.39160582 0.32420734 0.13083646 0.61068684 -0.16344985 -0.024687352 -0.30036244 -0.34820613 0.029843884 0.23964255 0.2912557 0.05953262 0.03061323 -0.22861716 -0.16050804 -0.23251785 0.39116287 0.59546757 0.36975706 -0.22874689 0.033223554 -0.37111583 -0.47664925 -0.1517495 -0.2809343 -0.3923301 -0.4216556 -0.37959614 0.0072970632 0.034958538 -0.043199915 -0.018256731 NaN NaN -0.032137826 -0.043289382 -0.05532954 0.05760733 0.50267804 0.5451016 -0.02334245 -0.024212617 0.21664622 0.04543014 0.02165623 0.56236225 0.6162979 0.6234104 0.59127694 0.37909174 -0.055498183 -0.68269306 -0.67311877 -0.6743563 -0.4403614 -0.6586454 -0.6250323 -0.66765183 -0.67015165 -0.57154644 -0.26657405 -0.69753337 -0.6972217 -0.42813638 -0.3249669 -0.06417458 -0.67206615 -0.7107931 -0.63196456 -0.6315544 0.09299933 0.5597771 0.6147699 0.6055637 0.5829842 0.48695764 -0.30902225 0.28019986 0.5032775 0.3929055 0.14540914 -0.6161447 -0.6353942 -0.6598528 -0.542032 -0.5889427 -0.6383597 -0.5539351 -0.6290363 -0.0993272 -0.59253955 -0.63877565 -0.6406846 -0.37514 -0.6256169 -0.6263322 -0.6155179 -0.64135236 -0.6178876 -0.55137664 0.18558274 0.67554677 0.6729212 0.5792783 0.3136301 0.23281507 0.063427255 0.3602058 -0.13649064 -0.6478851 -0.3308794 0.3200434 0.54320455 0.4489612 -0.12748548 -0.21314767 -0.35645258 -0.55575913 -0.54055786 -0.48099968 -0.5599379 0.31451556 0.67553 0.7514448 0.7294358 0.29440495 -0.174068 -0.036266718 0.48390147 0.5458492 0.10577519 0.116663486 -0.019803468 
0.42322174 0.9421399 1.0 0.116692506 0.17575668 0.9823547 0.92184967 0.49278876 -0.08378132 -0.4490179 -0.4058025 -0.28975338 -0.35288653 -0.46235853 -0.44031197 -0.46660292 -0.42599767 0.11419821 -0.3745309 -0.46295616 -0.011167077 -0.014754365 0.5618113 0.733175 0.5918613 0.4728998 0.71648765 0.39987677 0.40071917 0.1269548 0.7099301 -0.1857361 0.026488408 -0.27721995 -0.3979324 0.13384543 0.31826332 0.41780677 0.16710077 0.118407205 -0.20681295 -0.16120943 -0.26809278 0.46672544 0.6123732 0.35802686 -0.30014265 0.05102954 -0.3576492 -0.46591392 -0.092795104 -0.36157042 -0.47342655 -0.48733914 -0.42961845 -0.001948501 -0.09136547 -0.1925414 -0.13933326 NaN NaN -0.17586845 -0.21868764 -0.22017668 -0.072921224 0.5022529 0.5148932 -0.19604386 -0.19678462 0.2219192 -0.10818001 -0.140708 0.54934746 0.61070585 0.6377674 0.59222096 0.45714855 0.05915873 -0.6922981 -0.6906062 -0.6921529 -0.33095092 -0.6313137 -0.57412165 -0.6467866 -0.670246 -0.49075267 -0.12633602 -0.6892778 -0.6841683 -0.2962766 -0.22806528 0.0937936 -0.6212284 -0.68252057 -0.5822975 -0.6674507 0.085794024 0.5600857 0.6440978 0.6230191 0.6173376 0.55803525 -0.33931187 0.36184692 0.56571746 0.46991026 0.23847777 -0.60060775 -0.6704787 -0.6306929 -0.5197328 -0.5607977 -0.6436826 -0.43296513 -0.5813286 0.05656597 -0.51172376 -0.6351528 -0.5982971 -0.21827316 -0.5688026 -0.58667046 -0.5839328 -0.6292253 -0.5765901 -0.45984784 0.30407745 0.7459838 0.7397004 0.676373 0.2982384 0.28316346 0.15748364 0.48794186 0.034287304 -0.6568193 -0.17558916 0.44107145 0.6349031 0.5249416 -0.10495353 -0.15531199 -0.28165615 -0.528247 -0.61042494 -0.5797721 -0.614942 0.4417629 0.70829934 0.7834341 0.7675123 0.24931104 -0.32834265 -0.15669732 0.47941247 0.60171324 0.0048796125 0.040024042 -0.14749554 
0.715677 0.22935106 0.116692506 1.0 0.9557233 0.07806846 -0.110087074 -0.02055483 0.1712103 0.42746094 0.3451785 0.11478891 0.2053657 0.35117534 0.35887292 0.3160531 0.29115447 -0.12310881 0.058117915 0.16035964 -0.12844676 -0.03261536 -0.292198 -0.31188935 -0.24809936 -0.091331534 -0.22640075 -0.10859516 -0.20927675 0.03766241 -0.2623905 0.26788968 0.15788993 0.2558202 0.49049872 -0.033055283 -0.1808967 -0.36865538 -0.25961983 -0.18647046 0.22403453 0.4104807 0.29513264 -0.2519005 -0.24226686 0.004142599 0.35230586 0.0054420587 0.043364003 -0.021821545 -0.04814539 0.4263282 0.35811982 0.29658476 0.28231433 0.15712313 0.44952753 0.5366019 0.5152909 NaN NaN 0.64828736 0.54937 0.5141941 0.34939593 -0.2416553 -0.009972908 0.5997366 0.60629386 0.0044254847 0.5654425 0.56460416 -0.055205278 -0.26887867 -0.26204142 -0.33381912 -0.4958386 -0.6212627 -0.22327097 -0.1809876 -0.17686918 -0.516216 -0.34259602 -0.41557693 -0.33951572 -0.27871117 -0.57139665 -0.6824115 -0.2785197 -0.3001675 -0.6693228 -0.70890415 -0.672364 -0.48363867 -0.38860425 -0.49179843 -0.22132835 -0.307938 -0.21671902 -0.24689274 -0.22367433 -0.3050398 -0.4209955 -0.37828928 -0.5029904 -0.40636227 -0.46647194 -0.5428687 -0.30117384 -0.121370375 -0.35489514 -0.38925424 -0.38859284 -0.24175003 -0.5488792 -0.40714127 -0.6669963 -0.4795728 -0.24017596 -0.329968 -0.6163218 -0.4193058 -0.33834097 -0.34161586 -0.2702323 -0.2381995 -0.4102365 -0.5980172 -0.3000319 -0.32186544 -0.38126922 -0.23881592 -0.37711766 -0.49576354 -0.5272142 -0.56927735 -0.112729035 -0.47049427 -0.4735962 -0.41216514 -0.43229014 -0.3498047 -0.39156678 -0.42588648 -0.2041757 0.115275644 0.22445033 0.06490727 -0.389218 -0.26523635 -0.223988 -0.20797771 0.34083506 0.61469126 0.5939817 0.18426685 0.09555315 0.6060116 0.54875356 0.5956094 
0.82575446 0.30323812 0.17575668 0.9557233 1.0 0.14948869 -0.03986519 -0.10250944 -0.032397468 0.22840379 0.13221054 -0.0958397 -0.011492764 0.14423151 0.15498033 0.107819416 0.07042347 -0.24394645 -0.1694623 -0.06647887 -0.30075705 -0.21713468 -0.31426215 -0.2624526 -0.26965722 -0.1387375 -0.19502065 -0.17441143 -0.28474405 -0.102672786 -0.23357083 0.060382538 -0.025895495 0.04854502 0.30367148 -0.18195134 -0.2632558 -0.38319513 -0.35665163 -0.29999587 0.053642754 0.31032413 0.15085436 -0.18890846 -0.1281987 0.05821285 0.28679404 -0.027576158 -0.066552944 -0.14707033 -0.09017931 0.34904408 0.29033574 0.20694204 0.18081518 0.17695381 0.537828 0.6029551 0.5724657 NaN NaN 0.69537884 0.6287499 0.6030002 0.48707584 -0.0971494 0.13563938 0.6591148 0.6660541 0.080044374 0.6586719 0.6617268 0.10251916 -0.13098247 -0.13712974 -0.1999136 -0.3724318 -0.54099286 -0.30849487 -0.25990382 -0.2506431 -0.511131 -0.4122778 -0.46270856 -0.41102844 -0.3575547 -0.5948229 -0.6392325 -0.3571171 -0.38540033 -0.67989415 -0.70267344 -0.6199785 -0.5816537 -0.48807406 -0.56884 -0.31239802 -0.23483096 -0.08900295 -0.12036121 -0.09204433 -0.18470384 -0.30850336 -0.41315517 -0.4144692 -0.29416877 -0.3624283 -0.46532458 -0.3503327 -0.19687144 -0.4078261 -0.41196954 -0.42247608 -0.31586874 -0.58383197 -0.48390698 -0.62419367 -0.5388891 -0.34142908 -0.44280872 -0.65597904 -0.50564146 -0.4116641 -0.4052207 -0.35040548 -0.29667896 -0.447283 -0.55672437 -0.19775304 -0.22636269 -0.2994442 -0.22911896 -0.38625532 -0.5223091 -0.45870999 -0.55707425 -0.2193307 -0.483568 -0.37810218 -0.32319725 -0.35593802 -0.37394264 -0.41408238 -0.46534908 -0.25048012 0.06959277 0.19911017 0.0085738655 -0.31028992 -0.1682249 -0.119602896 -0.10556536 0.425158 0.64639014 0.63973546 0.26149952 0.17643707 0.7007898 0.64494175 0.6786002 
0.37839386 0.92883456 0.9823547 0.07806846 0.14948869 1.0 0.95497143 0.51468474 -0.09043913 -0.4555183 -0.4116903 -0.2932707 -0.3557699 -0.46821198 -0.44817546 -0.4743598 -0.43895587 0.1201947 -0.3823401 -0.47471997 -0.015669055 -0.026198242 0.56994486 0.7482702 0.59922373 0.4770856 0.7285146 0.402253 0.40089014 0.11433404 0.7123859 -0.22527589 -0.011150089 -0.3195157 -0.43869874 0.10291058 0.30960807 0.42712477 0.16492967 0.10803836 -0.24218747 -0.19735107 -0.3008209 0.47095722 0.62114275 0.34293738 -0.33122814 0.03825693 -0.37931794 -0.48486072 -0.11552584 -0.4011273 -0.50599194 -0.5186957 -0.46814278 -0.0385109 -0.12176212 -0.21994309 -0.15442026 NaN NaN -0.20952304 -0.24817067 -0.24943136 -0.10317321 0.4984052 0.49970183 -0.23233151 -0.23538381 0.21225457 -0.14117944 -0.17057517 0.5543 0.6385828 0.6670586 0.6273743 0.5026529 0.10220192 -0.6807435 -0.6802239 -0.68125415 -0.30005005 -0.6142022 -0.55012715 -0.63070154 -0.6579447 -0.46407157 -0.09425409 -0.67865306 -0.67458856 -0.2683177 -0.19155696 0.12452296 -0.6089706 -0.67114276 -0.56764585 -0.6683324 0.10205208 0.5788427 0.66948754 0.65012485 0.652903 0.6020807 -0.30473357 0.4096261 0.60716254 0.5159503 0.27980185 -0.58721656 -0.66239125 -0.6087875 -0.49930513 -0.5368121 -0.63205045 -0.40991858 -0.563021 0.09183442 -0.49413857 -0.6299923 -0.5919736 -0.19972834 -0.56319404 -0.58603936 -0.5779355 -0.6286811 -0.57977825 -0.46215674 0.31870744 0.7606326 0.7635583 0.7040075 0.326306 0.3111109 0.19023947 0.5235876 0.04454684 -0.66120404 -0.16792496 0.46841154 0.6678028 0.5549479 -0.09368269 -0.153841 -0.27946126 -0.5360075 -0.62264836 -0.59733725 -0.63241744 0.45024702 0.72992754 0.8037375 0.78364104 0.23085743 -0.3414072 -0.17085858 0.48209545 0.60833794 0.004076212 0.043504167 -0.14425257 
0.19626467 0.83289284 0.92184967 -0.110087074 -0.03986519 0.95497143 1.0 0.61333585 -0.04631334 -0.4842347 -0.41629863 -0.24284256 -0.33142808 -0.47926033 -0.46083778 -0.48292693 -0.44541293 0.23376624 -0.32741445 -0.45389634 0.093357556 0.06566021 0.69273186 0.85148644 0.7003282 0.5180409 0.7810731 0.45282805 0.4886786 0.14414565 0.7830431 -0.2547725 -0.013277359 -0.34230328 -0.5092069 0.13557693 0.37750164 0.54620785 0.2597926 0.17970076 -0.26210397 -0.2598707 -0.36056203 0.5030508 0.6064043 0.25230265 -0.4296132 -0.008722903 -0.3995636 -0.47717652 -0.14069892 -0.51235545 -0.5905784 -0.5865082 -0.5470176 -0.16404983 -0.2962185 -0.3793322 -0.27654386 NaN NaN -0.3679022 -0.40699968 -0.41334212 -0.25917223 0.47883517 0.42993727 -0.39336646 -0.41011778 0.15200111 -0.3100444 -0.33739492 0.483459 0.6458599 0.69015384 0.6835064 0.6412538 0.276817 -0.6237263 -0.6289528 -0.6291735 -0.14347444 -0.5221395 -0.43041265 -0.537463 -0.5856936 -0.30327338 0.10387478 -0.6021119 -0.59119165 -0.0744412 0.009629288 0.32505625 -0.4772555 -0.5594686 -0.43324912 -0.6065942 0.13697496 0.57258373 0.66269034 0.6226537 0.6830928 0.6786869 -0.21391514 0.5341308 0.71164376 0.6495994 0.44096714 -0.5032413 -0.62837183 -0.5047098 -0.39768574 -0.43317008 -0.5723759 -0.2445884 -0.4501997 0.2890077 -0.35468867 -0.5692428 -0.49894494 -0.01692542 -0.45423242 -0.49808103 -0.48918232 -0.55864936 -0.5042776 -0.34920123 0.45968553 0.80005157 0.82066697 0.7876182 0.3706392 0.40263444 0.3308745 0.66766477 0.20251569 -0.6278531 -0.03007589 0.5862251 0.76340675 0.6581004 -0.0018171787 -0.051758368 -0.16219711 -0.47726974 -0.63624954 -0.6371845 -0.6369478 0.55578184 0.7801145 0.82627225 0.8015196 0.124323025 -0.46553653 -0.31312242 0.3950922 0.5413237 -0.1444448 -0.11518235 -0.30383778 
-0.1358676 0.309759 0.49278876 -0.02055483 -0.10250944 0.51468474 0.61333585 1.0 0.64514697 0.071441166 0.22941902 0.469529 0.35566628 0.105728015 0.1469894 0.11273025 0.19036514 0.80465674 0.35028088 0.18557271 0.72789943 0.67533565 0.7510281 0.6080233 0.67408645 0.53763765 0.52375114 0.50704736 0.665554 0.44455793 0.6323122 0.22994168 0.44748265 0.19855952 -0.047011565 0.56741357 0.6057219 0.6598026 0.59754163 0.5309505 0.22717473 0.136827 0.05101692 0.36917907 0.12328323 0.04491417 -0.1995542 0.16890055 0.0026472877 -0.049160108 0.14418744 -0.26767603 -0.3648208 -0.32533002 -0.25014642 -0.13748719 -0.4941931 -0.51963043 -0.3601436 NaN NaN -0.42631593 -0.6067917 -0.61167246 -0.5367158 -0.045322478 -0.13720053 -0.57689255 -0.58920944 -0.025353804 -0.5122239 -0.5428606 -0.06971739 0.08438086 0.15945622 0.16145776 0.32348368 0.24877937 -0.2880657 -0.3327227 -0.34309503 0.1229616 -0.22276205 -0.13695885 -0.23938644 -0.31046265 -0.06469633 0.21596883 -0.30667716 -0.29009292 0.17615974 0.085082725 0.383394 -0.1278815 -0.21749659 -0.094109096 -0.31776798 -0.06901503 0.10637781 0.16078822 0.10704057 0.25353146 0.3318144 -0.05583428 0.34521958 0.38104516 0.40444392 0.34251285 -0.26476187 -0.41209948 -0.22602622 -0.25647244 -0.25237954 -0.35059553 0.057493653 -0.18119402 0.3212649 -0.063664444 -0.30735877 -0.15583947 0.2836913 -0.16976857 -0.260595 -0.2814743 -0.32703945 -0.22907765 -0.05570989 0.3566843 0.31779537 0.3709644 0.4669862 0.23755062 0.38216 0.41505948 0.50161207 0.24499129 -0.33993703 0.19992496 0.31904083 0.41790953 0.3656467 0.03819963 0.050235357 -0.0118089765 -0.2575983 -0.4782313 -0.5332431 -0.45220706 0.31546003 0.31020784 0.31935003 0.29532188 -0.22069627 -0.53242815 -0.46060765 0.031061888 0.15767862 -0.38895133 -0.36121008 -0.49521697 
-0.31857076 -0.21571526 -0.08378132 0.1712103 -0.032397468 -0.09043913 -0.04631334 0.64514697 1.0 0.7085781 0.8020911 0.88738024 0.86720496 0.72643834 0.7477163 0.7266901 0.77819717 0.75112617 0.8393896 0.764354 0.8339432 0.8041312 0.29271585 0.005558902 0.2129891 0.2307545 -0.009541338 0.24752185 0.3661516 0.4478925 0.061385315 0.59132546 0.6340044 0.6407305 0.5094038 0.6166706 0.39985222 0.2719847 0.4970279 0.5167858 0.60314065 0.43584496 0.4598626 -0.0016708648 -0.30663413 -0.12763424 0.17284116 0.19677962 0.38872823 0.3950339 0.25417975 0.16547512 0.11088396 0.17069493 0.22476155 -0.050066844 -0.3742387 -0.32176355 -0.17059714 NaN NaN -0.1751519 -0.41316506 -0.41761997 -0.5030529 -0.5206812 -0.57436603 -0.37906316 -0.3727238 -0.28288734 -0.38788992 -0.39670968 -0.5200215 -0.4185489 -0.32212296 -0.38659498 -0.25306976 -0.102411084 0.18398482 0.14614594 0.12243592 0.123045646 0.1584307 0.14451478 0.15765667 0.12986192 0.07046164 -0.022345562 0.13505638 0.1437119 0.09315083 -0.050408285 -6.1157654E-4 0.20528938 0.17921872 0.13140604 0.07350536 -0.327111 -0.39194098 -0.33223534 -0.3525079 -0.27732942 -0.2340297 0.03336146 -0.14392045 -0.23608837 -0.18785736 -0.123971455 0.06792614 0.08001459 0.09913115 -0.044595335 4.1440432E-4 0.09238109 0.17468087 0.14748603 -0.03518184 0.12945218 0.14925475 0.25462627 0.22456223 0.14859916 0.07180412 0.039487705 0.078156106 0.10828879 0.10370936 -0.080452904 -0.25625643 -0.23037389 -0.13049799 -0.079380386 0.043150228 0.13900146 -0.07573494 0.01641994 0.17478497 0.15260488 -0.20797539 -0.1806633 -0.19219148 -0.029873682 -6.6496903E-4 0.062142085 0.055599924 -0.016916446 -0.093829855 -0.014905433 -0.20029761 -0.29676768 -0.27988952 -0.31909767 -0.41820213 -0.23674314 -0.2998149 -0.34116894 -0.29232806 -0.37206352 -0.35489956 -0.33695126 
-0.17362708 -0.43986624 -0.4490179 0.42746094 0.22840379 -0.4555183 -0.4842347 0.071441166 0.7085781 1.0 0.9616611 0.7840411 0.87107056 0.9655195 0.9463568 0.9432071 0.90319866 0.26425382 0.7968694 0.8689263 0.42146927 0.44105875 -0.31438163 -0.5326923 -0.31937283 -0.18495119 -0.47096542 -0.12849404 -0.14222151 0.1841662 -0.5200531 0.5506837 0.37156072 0.63836545 0.76095253 0.19700749 -0.10666809 -0.3216173 0.0085658 0.08872019 0.54125434 0.46157244 0.510851 -0.46119472 -0.58798254 -0.32908764 0.36679095 -0.03285631 0.38550118 0.45386323 0.03474896 0.43445072 0.44795558 0.47428635 0.44265062 -0.116868004 -0.07277039 0.08250525 0.20174357 NaN NaN 0.2373569 0.057976592 0.04478673 -0.20201159 -0.72819084 -0.6877752 0.07915102 0.09300751 -0.45240515 -0.0050675324 0.027425574 -0.6679434 -0.6496435 -0.56639814 -0.66991574 -0.6662813 -0.47372535 0.433063 0.4492973 0.43348077 -0.03404168 0.3508251 0.24623288 0.36268914 0.40886265 0.053219497 -0.3266736 0.40803435 0.39895388 -0.15593496 -0.2520325 -0.44804114 0.2856223 0.3653913 0.1476199 0.29258254 -0.4859475 -0.66010785 -0.6143987 -0.59005404 -0.6171923 -0.6550127 0.0024347836 -0.56950575 -0.66655666 -0.632566 -0.534407 0.2862935 0.47551873 0.28968015 0.1216999 0.18919875 0.42170668 0.0976115 0.31322262 -0.41352317 0.15973029 0.4514819 0.41777042 -0.06487836 0.28021383 0.27794608 0.25979292 0.35701135 0.3281421 0.12872724 -0.5201893 -0.61717546 -0.6098064 -0.5872647 -0.34676656 -0.32911608 -0.24050926 -0.5678172 -0.2511433 0.5204106 -0.0445231 -0.57726824 -0.6097357 -0.5868842 -0.1076487 -0.10740369 0.04598039 0.27774125 0.44240582 0.39499262 0.39191723 -0.5410149 -0.6120541 -0.5985405 -0.628448 -0.26176792 0.2866133 0.1404001 -0.4029986 -0.44341025 -0.02551624 -0.04882755 0.11093511 
-0.2622789 -0.43671876 -0.4058025 0.3451785 0.13221054 -0.4116903 -0.41629863 0.22941902 0.8020911 0.9616611 1.0 0.90404785 0.9502805 0.97339815 0.9663394 0.95999014 0.94812566 0.4447658 0.8757597 0.90198296 0.5697932 0.58756536 -0.16280434 -0.42436615 -0.19837089 -0.07377111 -0.3772856 -0.032830026 -0.022102054 0.26366884 -0.4043228 0.5876327 0.45133704 0.6567052 0.71286607 0.30909777 0.013685484 -0.19185522 0.13379817 0.20967299 0.5839966 0.4799869 0.5424032 -0.35204715 -0.5448757 -0.26721573 0.36226702 0.07065257 0.43811244 0.49023545 0.13823849 0.41170585 0.39353678 0.4281201 0.42230406 -0.08982113 -0.15894562 -0.028185768 0.11119219 NaN NaN 0.12397739 -0.08303305 -0.091283605 -0.3058397 -0.71934456 -0.7084947 -0.05174408 -0.037276216 -0.43811807 -0.12435637 -0.0971741 -0.6659771 -0.6261429 -0.53779936 -0.6350759 -0.59623826 -0.38823652 0.41490147 0.415861 0.40080512 0.026847783 0.33772624 0.25735146 0.34958342 0.3804034 0.08434086 -0.24780522 0.3709197 0.3656292 -0.08828917 -0.20258158 -0.35674188 0.2920435 0.3552225 0.185017 0.28402045 -0.44861287 -0.6218006 -0.575426 -0.5616549 -0.55830115 -0.57131284 0.04513496 -0.47580475 -0.5815032 -0.53931 -0.43676308 0.25802281 0.4067287 0.27391112 0.10645035 0.17277116 0.373573 0.14357504 0.298967 -0.31384698 0.18026072 0.40355015 0.39744234 0.019532602 0.2754582 0.25253704 0.23159143 0.3128529 0.28629196 0.1408668 -0.43366095 -0.56681114 -0.55020136 -0.51073426 -0.27827606 -0.23930903 -0.15486167 -0.47633824 -0.2089217 0.4475249 -0.01833415 -0.5245619 -0.5400581 -0.5209757 -0.08543343 -0.07638319 0.055045802 0.23380157 0.3355556 0.2715507 0.29490638 -0.50001955 -0.5779098 -0.56403136 -0.59981245 -0.35037345 0.14252289 0.01146623 -0.41987062 -0.43883452 -0.12590794 -0.13905427 -0.011642149 
-0.41202402 -0.3986397 -0.28975338 0.11478891 -0.0958397 -0.2932707 -0.24284256 0.469529 0.88738024 0.7840411 0.90404785 1.0 0.9687883 0.8595985 0.8673182 0.86348605 0.8961713 0.72222835 0.91843647 0.8540067 0.7864574 0.7692494 0.1313065 -0.18013483 0.041922495 0.1022161 -0.17947334 0.119851045 0.20257884 0.35633087 -0.1530929 0.5597557 0.51334536 0.60068953 0.5270465 0.4530811 0.21668352 0.07180048 0.3416699 0.38195553 0.5580672 0.4099373 0.4858261 -0.14621066 -0.42398095 -0.19579867 0.24084298 0.17928973 0.4447542 0.4823545 0.254824 0.25883612 0.21183863 0.26358974 0.29153052 -0.08959961 -0.3492927 -0.27514416 -0.13694394 NaN NaN -0.13590305 -0.34897402 -0.35542852 -0.4852968 -0.6223566 -0.67013955 -0.31810302 -0.31494063 -0.3844617 -0.3599105 -0.34851763 -0.6148651 -0.530701 -0.4448175 -0.50924414 -0.38590014 -0.1531121 0.35263425 0.32369947 0.31146958 0.18354538 0.31382623 0.28649366 0.32184696 0.3141281 0.17007028 -0.031805508 0.2946732 0.30184227 0.09464709 -0.048919562 -0.10213177 0.32194373 0.33473998 0.2578472 0.23432736 -0.34595904 -0.5039221 -0.4526845 -0.46342856 -0.4036819 -0.3628549 0.11748651 -0.24248397 -0.35958976 -0.29794437 -0.18401527 0.219845 0.2613333 0.25759766 0.10817984 0.16630483 0.28163218 0.2771192 0.30437043 -0.04598644 0.26261517 0.32487255 0.38896346 0.24102926 0.29133394 0.2255839 0.1935126 0.23928732 0.2288801 0.19622739 -0.17822869 -0.39923668 -0.3718576 -0.28489694 -0.12228426 -0.018965637 0.08168873 -0.20635174 -0.007610601 0.32896155 0.13799408 -0.3054042 -0.3163686 -0.29900444 0.023299955 0.057957068 0.15380505 0.20643128 0.16169834 0.066795506 0.14812197 -0.2943352 -0.42801067 -0.42168245 -0.45782617 -0.44851738 -0.15545307 -0.2400385 -0.41437173 -0.38265717 -0.34927157 -0.3369509 -0.279517 
-0.36666185 -0.4243992 -0.35288653 0.2053657 -0.011492764 -0.3557699 -0.33142808 0.35566628 0.86720496 0.87107056 0.9502805 0.9687883 1.0 0.931138 0.92453104 0.91593266 0.9409816 0.6076172 0.91852075 0.8915292 0.7035165 0.7149971 0.019378364 -0.2886443 -0.048605856 0.06722734 -0.25163668 0.09167438 0.13481654 0.36310515 -0.2539537 0.6166774 0.5185585 0.6445778 0.6222166 0.41772273 0.16544159 -0.034177784 0.27691168 0.3389231 0.5962632 0.45427325 0.55543077 -0.2298858 -0.48033157 -0.19605961 0.326988 0.17994486 0.4857246 0.52594185 0.23560303 0.3568707 0.3132554 0.3595574 0.3751021 -0.071576476 -0.26647073 -0.16836694 -0.037471395 NaN NaN -0.03337762 -0.24797443 -0.2618116 -0.4284829 -0.6724084 -0.6950715 -0.21110226 -0.19964275 -0.38824195 -0.2599883 -0.24571607 -0.640675 -0.57237804 -0.49909723 -0.5632693 -0.482181 -0.25275818 0.39289197 0.36962306 0.35226113 0.10403319 0.32531896 0.26887685 0.33489674 0.3389472 0.11912969 -0.14659005 0.31703055 0.31782907 5.217859E-4 -0.12037423 -0.22862653 0.3137662 0.34844106 0.24579366 0.2904178 -0.35761908 -0.537724 -0.5019564 -0.5029313 -0.45826048 -0.44057047 0.1433607 -0.31917056 -0.44149476 -0.38677704 -0.27498955 0.23118411 0.31751385 0.2618273 0.105954975 0.15978095 0.31306577 0.19964579 0.28675887 -0.17392097 0.21260943 0.3511327 0.39356416 0.13525127 0.27378073 0.22034036 0.18976709 0.251367 0.21649462 0.12563096 -0.295463 -0.488946 -0.45820558 -0.38683388 -0.14594468 -0.076601535 0.0048061665 -0.32986423 -0.1317749 0.37094718 0.033432577 -0.4288152 -0.42065117 -0.39807326 -0.018767403 8.2159974E-4 0.095417276 0.19047444 0.21906792 0.1377985 0.19345039 -0.42050895 -0.50569445 -0.49818003 -0.53113455 -0.43558732 -0.04862835 -0.15410157 -0.4219847 -0.42016616 -0.27076048 -0.2684696 -0.18255872 
-0.2604603 -0.4654236 -0.46235853 0.35117534 0.14423151 -0.46821198 -0.47926033 0.105728015 0.72643834 0.9655195 0.97339815 0.8595985 0.931138 1.0 0.97757506 0.97554904 0.95436084 0.3611932 0.85813457 0.9036342 0.50389355 0.53629965 -0.23398106 -0.4857436 -0.25209206 -0.09835657 -0.4151969 -0.0590672 -0.08080116 0.2427338 -0.48066807 0.57894915 0.39181328 0.62113625 0.7242427 0.22269022 -0.058500104 -0.28203148 0.052369267 0.143204 0.55747896 0.4624131 0.5524722 -0.41200498 -0.57156813 -0.27670443 0.39951736 0.055812147 0.44582355 0.5067008 0.110399164 0.4564404 0.45001706 0.48297808 0.46200514 -0.09095409 -0.112129755 0.034864645 0.15715504 NaN NaN 0.16805033 -0.012934705 -0.03475554 -0.27685443 -0.738761 -0.7099687 0.019487051 0.03291317 -0.45581305 -0.06498026 -0.034772947 -0.67733884 -0.6345935 -0.55661356 -0.65065163 -0.6389651 -0.4371405 0.44414172 0.45291954 0.44169053 -0.006832796 0.3529185 0.2569365 0.37324008 0.41296732 0.07009176 -0.30039874 0.40033835 0.3926532 -0.13503046 -0.23192915 -0.42716697 0.29736662 0.38041535 0.19395256 0.3377341 -0.43606114 -0.6309545 -0.59457934 -0.57514894 -0.58100337 -0.6116729 0.07964572 -0.50635093 -0.61692953 -0.5775011 -0.4746891 0.2819131 0.46163547 0.30145672 0.13662155 0.19806096 0.41368222 0.124373026 0.31876945 -0.36070347 0.1889293 0.4469178 0.4288774 -0.018211477 0.29671636 0.28622603 0.25906432 0.35100117 0.30594113 0.11176571 -0.49066672 -0.607362 -0.58770615 -0.55794215 -0.26630124 -0.25619614 -0.18559587 -0.5401678 -0.2720873 0.47686756 -0.07750145 -0.58265734 -0.58916193 -0.5616718 -0.07870639 -0.08517856 0.041943967 0.24212512 0.39229414 0.33791727 0.3478126 -0.5532468 -0.60614365 -0.5927458 -0.6280484 -0.33778757 0.2000117 0.054488637 -0.4333657 -0.46310914 -0.085272394 -0.105633415 0.046294183 
-0.24541543 -0.45297584 -0.44031197 0.35887292 0.15498033 -0.44817546 -0.46083778 0.1469894 0.7477163 0.9463568 0.9663394 0.8673182 0.92453104 0.97757506 1.0 0.98848957 0.96775097 0.4170802 0.87152314 0.9074828 0.541469 0.56998104 -0.19482175 -0.45225576 -0.21437177 -0.07205525 -0.39069587 -0.039830264 -0.054897837 0.25001106 -0.4498833 0.57062143 0.4043276 0.6133223 0.70241886 0.24765189 -0.034552015 -0.25010428 0.08162316 0.1695179 0.5691146 0.48481682 0.563494 -0.37195006 -0.55941457 -0.2514376 0.4130226 0.088058144 0.46389422 0.51367384 0.14635709 0.46563885 0.45299122 0.48525292 0.4707991 -0.060413245 -0.09831558 0.04032386 0.16599907 NaN NaN 0.15643938 -0.038346108 -0.05696469 -0.2824229 -0.732231 -0.70713186 -5.1322713E-4 0.012602265 -0.44632545 -0.07376663 -0.044519637 -0.667538 -0.6329864 -0.55154514 -0.6466152 -0.62337214 -0.4294136 0.4132596 0.41877985 0.40626773 -0.012240084 0.32514873 0.23389739 0.34049696 0.37922332 0.054790612 -0.30107367 0.36376673 0.36177328 -0.13531497 -0.2439612 -0.41720808 0.26988125 0.34320545 0.16296118 0.29605123 -0.44450656 -0.6238412 -0.58868444 -0.5713315 -0.57238764 -0.5985844 0.05352654 -0.49846444 -0.60310745 -0.5615203 -0.4635277 0.25087476 0.4174254 0.26939884 0.11349117 0.1732943 0.37717372 0.11923594 0.29334924 -0.34441647 0.17647101 0.41542023 0.4048293 -0.0035493618 0.27592504 0.2613008 0.22953281 0.31657332 0.28600654 0.10993511 -0.4722542 -0.5934236 -0.5740037 -0.5378526 -0.25992993 -0.24638714 -0.18307976 -0.5265731 -0.27099565 0.443612 -0.06998558 -0.56674856 -0.5710703 -0.5440898 -0.078261875 -0.077989995 0.041710492 0.23006578 0.36721304 0.31334 0.32569766 -0.53265697 -0.59167063 -0.57998604 -0.61484677 -0.33425573 0.1796413 0.031171836 -0.4395193 -0.46184978 -0.091113485 -0.11058548 0.031111933 
-0.2825414 -0.47714835 -0.46660292 0.3160531 0.107819416 -0.4743598 -0.48292693 0.11273025 0.7266901 0.9432071 0.95999014 0.86348605 0.91593266 0.97554904 0.98848957 1.0 0.9750025 0.39412287 0.8775911 0.91850686 0.5292199 0.5510475 -0.2202254 -0.47644535 -0.23789898 -0.09588855 -0.41159475 -0.061601613 -0.07432255 0.2342484 -0.4793132 0.5596732 0.3805408 0.60687983 0.6938499 0.21878892 -0.06324495 -0.2765467 0.05865469 0.14673318 0.5442857 0.43658775 0.53469545 -0.41223457 -0.57835275 -0.29113153 0.37993538 0.04557428 0.4453392 0.5109283 0.10965665 0.435538 0.43601388 0.4764577 0.45705754 -0.0979603 -0.13154334 0.00848203 0.12150595 NaN NaN 0.12793136 -0.0385261 -0.058927163 -0.2916834 -0.73739135 -0.71622974 -0.005703164 0.001396714 -0.46996725 -0.09428051 -0.0640706 -0.6889764 -0.6478551 -0.57140595 -0.6615364 -0.63974726 -0.42990616 0.4556107 0.46305254 0.45072338 0.010519754 0.3755384 0.27799445 0.38836128 0.4304018 0.09525606 -0.28045326 0.41736716 0.41866145 -0.10389683 -0.20375925 -0.4088789 0.32570755 0.3983293 0.20464088 0.33558083 -0.44638076 -0.64526993 -0.6089219 -0.5905798 -0.59771276 -0.6205774 0.072528064 -0.5138862 -0.6249328 -0.5808444 -0.4713867 0.29676 0.46800798 0.31364152 0.1610111 0.22479771 0.43873933 0.15793161 0.3474714 -0.33095688 0.22707275 0.47495028 0.4593178 0.025764538 0.3374219 0.32083195 0.2874177 0.3769378 0.33328697 0.15664743 -0.45764366 -0.6030183 -0.585459 -0.550623 -0.25890782 -0.2422537 -0.16594818 -0.5263829 -0.23449174 0.49869987 -0.03612115 -0.55614495 -0.5760481 -0.5405234 -0.033025295 -0.035166163 0.098350346 0.28851226 0.4143226 0.3534237 0.3740267 -0.5170633 -0.5904925 -0.5855059 -0.6169845 -0.32651603 0.17740226 0.032590933 -0.43744174 -0.46756166 -0.11961325 -0.1331422 0.017218485 
-0.3030486 -0.4482511 -0.42599767 0.29115447 0.07042347 -0.43895587 -0.44541293 0.19036514 0.77819717 0.90319866 0.94812566 0.8961713 0.9409816 0.95436084 0.96775097 0.9750025 1.0 0.47520605 0.9022631 0.924577 0.60682714 0.6470628 -0.1108375 -0.40474144 -0.14096096 0.024268392 -0.32631776 0.052041076 0.048614565 0.35260814 -0.3803682 0.6530908 0.4932829 0.6599814 0.69785064 0.33911827 0.072216354 -0.1717669 0.17619094 0.262643 0.6079984 0.4651185 0.6070968 -0.33280477 -0.5438855 -0.20830394 0.4116338 0.16170153 0.5137777 0.56151724 0.20662785 0.4523337 0.42465192 0.47568846 0.4844085 -0.03117004 -0.15841903 -0.040017895 0.05569548 NaN NaN 0.07295412 -0.10966975 -0.1340881 -0.35011113 -0.7172719 -0.7046157 -0.066253826 -0.05334758 -0.4133679 -0.13825354 -0.120323606 -0.6773077 -0.62987053 -0.56598246 -0.63706964 -0.6095499 -0.4017939 0.4146643 0.40021876 0.38397813 -0.020038053 0.31315354 0.22304787 0.33254117 0.36392435 0.06115881 -0.28087613 0.34754917 0.3568013 -0.0875629 -0.18468212 -0.37758464 0.30954325 0.3671993 0.2268451 0.34867227 -0.39147446 -0.5993829 -0.57768553 -0.5663563 -0.55213207 -0.5645985 0.13170308 -0.45126712 -0.56972843 -0.5243702 -0.41482013 0.24101369 0.38742423 0.26301786 0.11934281 0.17071444 0.3622919 0.1255974 0.2947261 -0.3048049 0.1997585 0.41745064 0.43177587 0.050956834 0.30615747 0.27191067 0.23249415 0.31452158 0.252505 0.103329875 -0.39890835 -0.57503635 -0.5461768 -0.49888527 -0.16589864 -0.14482188 -0.083172664 -0.47867182 -0.24968386 0.42325094 -0.063069135 -0.5504391 -0.53150254 -0.49163252 -0.022066204 -0.026936587 0.06743334 0.20905936 0.30617347 0.24486701 0.28308415 -0.5106888 -0.55907464 -0.55738604 -0.58473814 -0.36606142 0.08988687 -0.03754746 -0.41636443 -0.45000023 -0.18132663 -0.1898529 -0.06060919 
-0.35897055 -0.085563235 0.11419821 -0.12310881 -0.24394645 0.1201947 0.23376624 0.80465674 0.75112617 0.26425382 0.4447658 0.72222835 0.6076172 0.3611932 0.4170802 0.39412287 0.47520605 1.0 0.6061233 0.41951266 0.86925024 0.8164464 0.6330315 0.3796196 0.5028289 0.39098585 0.2749401 0.35135892 0.519794 0.36288875 0.37817615 0.25839302 0.40049985 0.23954408 0.024497425 0.50508875 0.46141487 0.49652284 0.51665676 0.47988424 0.28895122 0.19953378 0.1636096 0.2781968 -0.05626054 -0.016458398 -0.056760743 0.24943097 0.19439681 0.15402931 0.27709755 -0.12064005 -0.21967983 -0.18055275 -0.105178855 -0.08217382 -0.48228523 -0.5067829 -0.37928653 NaN NaN -0.4370039 -0.6056301 -0.6062558 -0.5483439 -0.21948256 -0.30259886 -0.5691523 -0.5815709 -0.12824453 -0.53616697 -0.55214256 -0.26016316 -0.16162257 -0.08216089 -0.085426606 0.14441234 0.2541556 -0.03735462 -0.085091904 -0.08784323 0.3103682 0.013538771 0.0957857 0.0014904967 -0.07157582 0.12350779 0.2873951 -0.07368307 -0.05582174 0.2935552 0.13771291 0.3430695 0.077350736 0.008340749 0.12388522 -0.097943485 -0.12239207 -0.12775092 -0.090972945 -0.14060535 -0.0051851026 0.1089387 0.028487816 0.20163439 0.15922216 0.2290406 0.2763871 -0.041294456 -0.1884298 0.037674543 -0.020705432 -0.0072806925 -0.10582611 0.30511588 0.059085887 0.40321347 0.1982066 -0.066191226 0.08720633 0.4455901 0.07934517 -0.008678488 -0.050375585 -0.09366236 -0.017958308 0.13957837 0.25172824 0.05691278 0.10544941 0.22941388 0.14474495 0.29723826 0.3630905 0.32054755 0.25324732 -0.13229074 0.30382732 0.18873172 0.1972345 0.193416 0.13369912 0.18887815 0.14539167 -0.016254256 -0.27284682 -0.3558023 -0.23182514 0.20022386 0.049667064 0.03962459 0.022329278 -0.31577876 -0.4908056 -0.44759583 -0.13833523 -0.033871092 -0.4478761 -0.4118566 -0.5055389 
-0.48088416 -0.45574087 -0.3745309 0.058117915 -0.1694623 -0.3823401 -0.32741445 0.35028088 0.8393896 0.7968694 0.8757597 0.91843647 0.91852075 0.85813457 0.87152314 0.8775911 0.9022631 0.6061233 1.0 0.95527136 0.7889178 0.7820382 0.09079407 -0.21722755 0.044785555 0.111077376 -0.19376604 0.1549369 0.22333013 0.40578443 -0.21505092 0.63928604 0.5552181 0.6803717 0.60536176 0.46337727 0.21126013 0.039535493 0.36130863 0.411544 0.61360854 0.4041993 0.5404112 -0.22503859 -0.48329794 -0.25955003 0.27386397 0.15580781 0.51500374 0.58613724 0.24077092 0.31121296 0.30176282 0.37249035 0.38773897 -0.09767232 -0.36285305 -0.2692322 -0.119489565 NaN NaN -0.16006553 -0.35106334 -0.36823958 -0.5371815 -0.6909628 -0.74072117 -0.32205358 -0.3234783 -0.4535343 -0.3911694 -0.3791419 -0.712694 -0.5887217 -0.49148437 -0.56811684 -0.46072367 -0.24480651 0.3947576 0.37303534 0.35663706 0.118499465 0.36036122 0.3011826 0.37976617 0.39298147 0.20623845 -0.058856227 0.3971875 0.4184942 0.14742835 0.03364864 -0.115942836 0.4621342 0.4650291 0.3327021 0.32374707 -0.40655768 -0.58997816 -0.5317596 -0.53514314 -0.48467964 -0.4567529 0.134 -0.330313 -0.45648125 -0.3975977 -0.28149518 0.25255433 0.34565008 0.30723637 0.17055564 0.23175436 0.38490802 0.30940205 0.41072112 -0.06267517 0.35114753 0.4691496 0.55326575 0.3162954 0.43800935 0.36888137 0.3221765 0.3775909 0.3473808 0.25923166 -0.17636731 -0.44889128 -0.41369903 -0.32988468 -0.13407949 -0.027826259 0.09612641 -0.26705405 -0.025495332 0.43576118 0.14048111 -0.35876253 -0.3663155 -0.3313014 0.08983292 0.106534526 0.21666756 0.2544773 0.24119127 0.14301826 0.2374671 -0.32346028 -0.436908 -0.44515425 -0.47970816 -0.44576228 -0.12753004 -0.24846451 -0.47075316 -0.4529091 -0.4054131 -0.40270776 -0.3087111 
-0.4097789 -0.49599954 -0.46295616 0.16035964 -0.06647887 -0.47471997 -0.45389634 0.18557271 0.764354 0.8689263 0.90198296 0.8540067 0.8915292 0.9036342 0.9074828 0.91850686 0.924577 0.41951266 0.95527136 1.0 0.6489118 0.668289 -0.0898968 -0.3774411 -0.10338045 0.018373366 -0.310679 0.07902017 0.10130192 0.37807325 -0.36752003 0.68695706 0.5533283 0.74639606 0.7391023 0.4119726 0.12482383 -0.09451979 0.27768028 0.351494 0.666435 0.4714482 0.61433095 -0.3288448 -0.5495358 -0.2714349 0.38462773 0.13215274 0.56264144 0.64498276 0.22005205 0.43369055 0.45406175 0.5246373 0.52321595 -0.050192796 -0.23386805 -0.11791335 0.01265304 NaN NaN -0.008848825 -0.19704978 -0.21165359 -0.4305288 -0.7521302 -0.77791375 -0.17806908 -0.16960096 -0.48860225 -0.26130503 -0.23958261 -0.748653 -0.64627695 -0.5552635 -0.6465426 -0.5973783 -0.3969017 0.4397582 0.42879492 0.41034374 0.013203137 0.37514374 0.27605486 0.39988112 0.44055334 0.15207876 -0.19163407 0.4496207 0.46812177 0.038189575 -0.04887193 -0.26762664 0.4659051 0.49722832 0.30722463 0.37771472 -0.45231915 -0.6497546 -0.5947092 -0.58342886 -0.5667259 -0.57486695 0.12083971 -0.46876058 -0.5945276 -0.54900396 -0.4434697 0.26410702 0.42503402 0.30504516 0.16882677 0.22890888 0.43457946 0.2181821 0.41078305 -0.24202758 0.29815334 0.52584565 0.5721133 0.18200918 0.43840408 0.39010048 0.34534118 0.43027565 0.38715234 0.23442966 -0.31970653 -0.551013 -0.5217976 -0.4625578 -0.2047508 -0.13855237 -0.03330635 -0.43058217 -0.15217541 0.51653826 0.044024136 -0.49777907 -0.5011207 -0.45907003 0.028583514 0.014464339 0.15372145 0.26187804 0.34394342 0.26030776 0.3225671 -0.46497443 -0.5335533 -0.5346449 -0.5737861 -0.41351023 0.032342117 -0.1238586 -0.4992012 -0.5081405 -0.29659605 -0.30633333 -0.16856433 
-0.4660224 -0.17843595 -0.011167077 -0.12844676 -0.30075705 -0.015669055 0.093357556 0.72789943 0.8339432 0.42146927 0.5697932 0.7864574 0.7035165 0.50389355 0.541469 0.5292199 0.60682714 0.86925024 0.7889178 0.6489118 1.0 0.93654877 0.56659085 0.28858167 0.48872966 0.4158868 0.2362962 0.41769448 0.5759381 0.51168317 0.2876213 0.49844638 0.6023046 0.516572 0.2985893 0.64474267 0.52177215 0.47910008 0.6200396 0.6126404 0.5112845 0.32041875 0.35322085 0.1782034 -0.15403637 -0.07860041 0.065913975 0.257239 0.37366673 0.38525733 0.32798195 0.037406154 -0.009815812 0.06557643 0.13119557 -0.040522005 -0.49643177 -0.48435014 -0.3252781 NaN NaN -0.39716762 -0.61520135 -0.6162576 -0.62628406 -0.37140322 -0.49044004 -0.5889646 -0.5956708 -0.25535977 -0.58643067 -0.60070056 -0.4459488 -0.27402452 -0.17175199 -0.21327089 -0.026905904 0.063695595 0.050888464 0.0014243381 -0.014452147 0.18031988 0.08484317 0.099976115 0.0897627 0.05045656 0.13919094 0.19595067 0.07791871 0.10338695 0.3006931 0.17805648 0.27523375 0.2509047 0.19336624 0.210117 0.038700256 -0.24074401 -0.27014497 -0.20407559 -0.24402666 -0.12982196 -0.052300517 0.041407757 0.029295404 -0.032531355 0.017712964 0.059038352 -0.012383327 -0.05826507 0.080468506 -0.010223804 0.02019785 0.021181969 0.30251148 0.18108521 0.26934776 0.26296777 0.12662345 0.3052168 0.5066567 0.24441537 0.14808424 0.08590071 0.07951416 0.13842939 0.21815087 0.21915089 -0.044791784 -0.0016047442 0.12300856 0.08466058 0.23861858 0.33757928 0.17429934 0.17242195 0.05033336 0.27232665 0.0154839195 0.047937833 0.039683294 0.078586854 0.097861156 0.13230649 -0.0050926907 -0.17595644 -0.27484447 -0.15354607 0.026811123 -0.073841795 -0.072525606 -0.11614816 -0.46255773 -0.4782086 -0.51314163 -0.3216489 -0.22567229 -0.5550097 -0.5332198 -0.5604051 
-0.40345383 -0.13447347 -0.014754365 -0.03261536 -0.21713468 -0.026198242 0.06566021 0.67533565 0.8041312 0.44105875 0.58756536 0.7692494 0.7149971 0.53629965 0.56998104 0.5510475 0.6470628 0.8164464 0.7820382 0.668289 0.93654877 1.0 0.6009296 0.29773825 0.55175215 0.5640449 0.31347516 0.56956476 0.65455127 0.67345476 0.3043749 0.6407572 0.6911929 0.56944555 0.37381992 0.66854316 0.5890994 0.4660489 0.65176415 0.6598993 0.5819064 0.38830036 0.48406726 0.17765109 -0.15681891 0.017350122 0.20377982 0.3840588 0.46422935 0.45746192 0.39100543 0.16552225 0.08592311 0.15417202 0.22525127 0.007825491 -0.43487915 -0.41448653 -0.26688707 NaN NaN -0.32709262 -0.5653158 -0.5847062 -0.6342516 -0.406136 -0.49611676 -0.5190465 -0.52644587 -0.2725526 -0.53850025 -0.5473489 -0.45288104 -0.26380327 -0.19171277 -0.20074771 -0.072796606 -0.026169902 0.020673668 -0.03617809 -0.053918544 0.04768671 0.009558858 0.011364561 0.028524386 -0.0024806682 0.027434181 0.050365783 0.0033328878 0.027629789 0.1638045 0.08091192 0.13599566 0.18426111 0.1362964 0.18251508 0.079052694 -0.2137177 -0.2503963 -0.2206836 -0.25955838 -0.13096139 -0.076950364 0.11167105 0.011606247 -0.033659544 0.01035469 0.02525994 -0.10454826 -0.11440518 -0.016023755 -0.07997793 -0.076227315 -0.05621084 0.14406358 0.07932056 0.14490062 0.14527978 0.060506072 0.22828503 0.35814753 0.14739473 0.05139991 -0.009139628 -4.617253E-4 0.0134285595 0.057242204 0.13035716 -0.09302318 -0.024093661 0.08022057 0.19038334 0.28904408 0.33506647 0.096887395 -0.017221954 -0.030398855 0.057515867 -0.10843402 0.0038193683 0.016656892 0.06269949 0.03999824 0.020162776 -0.13805735 -0.24316615 -0.31961083 -0.20635568 -0.08059316 -0.065593585 -0.07906964 -0.11763909 -0.4598777 -0.4101581 -0.44835308 -0.26126587 -0.20788498 -0.4843908 -0.48032138 -0.5008261 
