1.0 0.06148632 0.51657915 0.3012143 0.16500212 0.03351038 0.068101354 0.08229853 0.36421496 0.39287022 0.25586793 0.23157491 0.42117792 0.6804422 0.30049214 0.19154955 NaN NaN 0.6754517 0.63683945 0.508049 0.3595673 -0.008236877 0.2779636 0.02101566 -0.19011222 -0.22088638 -0.30988833 -0.31503403 0.21830142 -0.36760396 -0.3232966 -0.050167456 0.31221464 0.16165978 -0.08358105 0.03011087 -0.2671372 -0.41911462 -0.41513148 -0.45514202 -0.46581408 -0.2224568 0.12254398 0.16519137 0.13594568 0.17533427 0.2169436 0.12767489 -0.28269613 -0.45550224 -0.47913912 -0.51115286 -0.5345848 -0.14969774 0.081219226 0.15260081 -0.28984797 -0.5111485 -0.3664705 0.079336084 -0.36443463 -0.4775599 -0.46875003 -0.4638748 -0.46335435 -0.48534673 -0.29214087 -0.28035855 -0.24483079 -0.33908123 -0.40169585 0.041766588 -0.41665357 0.06257795 -0.16175318 -0.080456376 0.106352866 0.39758158 
0.06148632 1.0 -0.29786208 -0.4611992 -0.26516494 0.1945096 0.15185744 0.5564682 -0.11378145 -0.5426706 -0.4247918 -0.38600004 -0.5517936 -0.24953027 0.5399868 0.6403464 NaN NaN 0.24883471 -0.1064298 -0.5311421 -0.655968 0.27856913 -0.5021372 -0.043779276 0.6412762 0.6119141 0.5568681 0.27231643 -0.68213105 0.38721317 0.25344568 -0.30770558 -0.71610236 -0.2963151 0.5991587 0.56419855 0.5489834 0.44065365 -0.0732561 0.3030016 0.31491238 -0.5719662 -0.7296425 -0.5418954 -0.4748653 -0.69830483 -0.6305594 -0.64368105 -0.18785849 0.44777772 -0.20638801 -0.30444032 0.40774837 -0.6897988 -0.70185935 -0.7441152 -0.5504278 0.34690967 -0.4045906 -0.7657856 -0.4908774 0.4207241 0.40200788 0.32637587 0.31802586 0.20761889 -0.46925378 0.584431 0.6820889 0.48781916 0.2898128 -0.6816932 0.35692358 -0.47659537 0.5792649 0.4396089 -0.30385372 -0.30844188 
0.51657915 -0.29786208 1.0 0.8402774 0.5365837 0.30661872 0.2789512 -0.13540094 0.6657151 0.8255612 0.6977123 0.66192234 0.78266823 0.654299 -0.14929882 -0.2841216 NaN NaN 0.119503915 0.41270894 0.62876 0.61363196 -0.29368576 0.34617072 -0.24896404 -0.72365546 -0.7215211 -0.72595507 -0.5810839 0.47812098 -0.6274077 -0.56276804 -0.05934493 0.6177055 0.15523471 -0.58572227 -0.5452759 -0.7268817 -0.72379357 -0.48878905 -0.6059427 -0.60437936 0.16843376 0.56925535 0.62229055 0.58467346 0.6812114 0.63766885 0.5046841 -0.32858413 -0.78452307 -0.43169168 -0.3307197 -0.78619677 0.29929706 0.55183834 0.6251125 0.15993424 -0.6211366 -0.06365818 0.5926704 -0.057301518 -0.67537093 -0.64793235 -0.6198093 -0.5860582 -0.56838834 0.039338764 -0.70489943 -0.6812887 -0.69883615 -0.5513967 0.5665689 -0.4397063 0.51468027 -0.38557962 -0.13073811 0.47499302 0.43775994 
0.3012143 -0.4611992 0.8402774 1.0 0.75478834 0.2762695 0.2268398 -0.23035815 0.64991593 0.88101864 0.8399953 0.79603475 0.8189581 0.52554244 -0.3118143 -0.37219602 NaN NaN -0.110379614 0.29178283 0.6599928 0.7273308 -0.2354323 0.4239842 -0.30965817 -0.8190598 -0.80222064 -0.7988279 -0.6310045 0.51521665 -0.65222937 -0.54734033 0.012482904 0.76684225 0.25736478 -0.6162271 -0.612959 -0.74997723 -0.74366117 -0.42129034 -0.6220025 -0.59930444 0.2975268 0.73025835 0.8274157 0.7961046 0.8473057 0.8245592 0.650653 -0.17688586 -0.7755952 -0.3756621 -0.17614259 -0.75590163 0.5208746 0.77067184 0.79619515 0.35326403 -0.59494954 0.12548137 0.7582149 0.10100945 -0.6879942 -0.65723705 -0.6474928 -0.609705 -0.5791721 0.10872315 -0.7857019 -0.75245357 -0.75836885 -0.6192525 0.6325545 -0.43511826 0.44303066 -0.5232832 -0.29540995 0.25925186 0.25068173 
0.16500212 -0.26516494 0.5365837 0.75478834 1.0 0.29550585 0.20455411 0.0082386695 0.47019377 0.65884405 0.6554833 0.58314836 0.5328441 0.30289674 -0.14958052 -0.062864944 NaN NaN -0.14981231 0.023319336 0.37251088 0.42229035 -0.39690968 0.12089225 -0.4232486 -0.59377724 -0.5610435 -0.60466766 -0.56062925 0.2524788 -0.6196916 -0.40803307 -0.10518262 0.56460834 0.11548502 -0.35524794 -0.19813025 -0.45041466 -0.5357868 -0.37627205 -0.5176239 -0.5001089 0.15172929 0.4419781 0.557217 0.5106033 0.6352779 0.5624691 0.34309798 0.10293712 -0.5872527 -0.41636685 -0.21523048 -0.6078986 0.29596952 0.53352857 0.577359 0.096505694 -0.5413701 -0.05913674 0.5577707 -0.028051246 -0.5036654 -0.4509336 -0.50012535 -0.46478337 -0.47318143 0.08315008 -0.4693792 -0.36019117 -0.43123132 -0.5063453 0.36687616 -0.36480385 0.22231388 -0.21500313 -0.022480035 0.12926838 0.20465252 
0.03351038 0.1945096 0.30661872 0.2762695 0.29550585 1.0 0.8317708 0.58329767 0.7110254 0.36467263 0.5039031 0.5092904 0.32663906 0.27618068 0.20214112 0.12537073 NaN NaN -0.092381135 -0.012423514 -0.093521886 -0.10290776 -0.119536944 -0.3005588 -0.58842885 -0.29086313 -0.29214996 -0.28741252 -0.43207255 -0.3093793 -0.2829191 -0.40074 -0.5731622 -0.1549891 -0.33815852 -0.2137906 -0.34690344 -0.25291288 -0.2726323 -0.44812503 -0.26191545 -0.23455726 -0.29997674 -0.007126019 0.28932396 0.35612348 0.11855761 0.21394144 0.0356941 -0.33941987 -0.21324562 -0.43532938 -0.37627652 -0.25441554 -0.054670185 0.115910724 0.07147693 -0.028478768 -0.12697038 -0.18535388 -0.04957117 -0.3512421 -0.16000354 -0.16054413 -0.25303638 -0.19773434 -0.300011 -0.3373749 -0.25321773 -0.077353664 -0.25177747 -0.16964139 0.06960927 0.1965142 0.16753949 0.23741364 0.321759 0.28224844 0.12433329 
0.068101354 0.15185744 0.2789512 0.2268398 0.20455411 0.8317708 1.0 0.76496583 0.7343606 0.33041507 0.42673048 0.41279858 0.30484927 0.33407167 0.28691402 0.1957266 NaN NaN 0.049695894 0.062325552 -0.098406725 -0.13409024 -0.18382192 -0.318129 -0.5878095 -0.26874983 -0.27558598 -0.29275218 -0.4488706 -0.31745535 -0.3098022 -0.4424628 -0.5867831 -0.19628006 -0.37084585 -0.18531726 -0.26448554 -0.1811395 -0.24103747 -0.41051227 -0.25521174 -0.24442503 -0.3441509 -0.05991195 0.20632523 0.25379008 0.054756824 0.14146097 -0.0059109363 -0.38771906 -0.22879893 -0.4658074 -0.45545432 -0.30144134 -0.17109217 0.011626264 -0.0029684664 -0.16586572 -0.21838139 -0.31008023 -0.11717467 -0.41176394 -0.16958192 -0.1552399 -0.25700557 -0.19665794 -0.31332353 -0.35300106 -0.18666519 -0.0056727445 -0.18088876 -0.0969228 0.06719252 0.21152107 0.24021488 0.32017848 0.4186937 0.38724262 0.16639914 
0.08229853 0.5564682 -0.13540094 -0.23035815 0.0082386695 0.58329767 0.76496583 1.0 0.41773894 -0.10224136 0.026639167 0.01388705 -0.10509881 0.12929343 0.6406908 0.6717353 NaN NaN 0.28322548 0.015143882 -0.34520948 -0.4637665 -0.03323997 -0.5403163 -0.47541776 0.23142031 0.21526718 0.12907599 -0.20227292 -0.62894845 -0.05598503 -0.19261768 -0.60577315 -0.50754493 -0.41369918 0.31821206 0.293788 0.27536315 0.08170205 -0.3394528 -0.06308723 -0.049790177 -0.65548354 -0.48730648 -0.20632206 -0.15716006 -0.3658153 -0.26577446 -0.4099965 -0.33304477 0.1077795 -0.48400554 -0.565798 -0.012465513 -0.5574456 -0.415593 -0.43192032 -0.56925625 -0.073515415 -0.56720465 -0.5361226 -0.6681327 0.053013224 0.07025524 -0.0757094 -0.039504465 -0.18436666 -0.5906293 0.244392 0.47646743 0.21285507 0.09453744 -0.3816195 0.30457717 -0.14463449 0.65471524 0.66202486 0.15292566 0.02495833 
0.36421496 -0.11378145 0.6657151 0.64991593 0.47019377 0.7110254 0.7343606 0.41773894 1.0 0.7525164 0.8118252 0.7848332 0.74777186 0.69480294 0.24490649 0.09886439 NaN NaN 0.19513763 0.4064416 0.40494072 0.35863456 -0.12481776 0.086915396 -0.52590585 -0.5567096 -0.5707743 -0.6300841 -0.70512277 0.033675235 -0.62064767 -0.67465436 -0.4939891 0.25619128 -0.1674056 -0.43352407 -0.4881371 -0.54344827 -0.6531026 -0.64210236 -0.6394687 -0.6260833 -0.23643774 0.32689774 0.60978764 0.6333949 0.497621 0.5849087 0.35344034 -0.387179 -0.6042526 -0.6356453 -0.5615123 -0.67984384 0.13446952 0.43269873 0.43524992 0.016844425 -0.54711145 -0.23034872 0.278318 -0.4267644 -0.6238575 -0.6013744 -0.6785753 -0.6257679 -0.7079928 -0.4090621 -0.6291772 -0.46318266 -0.6298255 -0.5323619 0.32749507 -0.19875275 0.33924764 -0.063214585 0.1731986 0.5179522 0.4088663 
0.39287022 -0.5426706 0.8255612 0.88101864 0.65884405 0.36467263 0.33041507 -0.10224136 0.7525164 1.0 0.9223933 0.84004974 0.9474075 0.7073603 -0.14266282 -0.24229798 NaN NaN 0.04280708 0.4009099 0.7290384 0.751865 -0.31360206 0.4135647 -0.3465877 -0.81964463 -0.8050641 -0.833678 -0.71735007 0.49401864 -0.76519424 -0.668378 -0.14712125 0.7260291 0.085659064 -0.66322625 -0.629565 -0.76795083 -0.8080087 -0.518846 -0.7310228 -0.7356825 0.16663913 0.71131617 0.80540484 0.7660352 0.8955652 0.8665713 0.6334555 -0.14739117 -0.8252823 -0.44974688 -0.31132254 -0.8457457 0.47236153 0.77478874 0.84295934 0.25773162 -0.72004277 -0.032113172 0.7328275 -0.08006277 -0.8067906 -0.77143043 -0.7669588 -0.73476285 -0.71666676 -0.040025044 -0.85130936 -0.7715504 -0.80000436 -0.70469785 0.6288093 -0.520656 0.47834516 -0.45523566 -0.17734055 0.47565284 0.4926511 
0.25586793 -0.4247918 0.6977123 0.8399953 0.6554833 0.5039031 0.42673048 0.026639167 0.8118252 0.9223933 1.0 0.9083631 0.86941636 0.58585185 -0.11155447 -0.18612033 NaN NaN -0.06855319 0.3048271 0.600983 0.6379566 -0.16427644 0.2990326 -0.4380196 -0.74911517 -0.73800707 -0.7592817 -0.7058532 0.30284527 -0.6744673 -0.6347361 -0.2421728 0.590907 0.022333594 -0.5948765 -0.64993066 -0.69748664 -0.7367291 -0.54374146 -0.66689926 -0.6458836 0.06168293 0.617619 0.8341326 0.83595175 0.8131646 0.85860604 0.5799709 -0.23859149 -0.70476353 -0.47477812 -0.31365865 -0.7179025 0.44794524 0.7460775 0.756209 0.28541642 -0.58096606 3.015901E-4 0.61792105 -0.12913325 -0.70912063 -0.68129474 -0.6975961 -0.6633562 -0.68136126 -0.16159841 -0.8031667 -0.6974626 -0.77354264 -0.6781149 0.5065431 -0.38483626 0.34233087 -0.3898883 -0.15259281 0.37951246 0.41534683 
0.23157491 -0.38600004 0.66192234 0.79603475 0.58314836 0.5092904 0.41279858 0.01388705 0.7848332 0.84004974 0.9083631 1.0 0.8813248 0.6324325 -0.0364961 -0.14899248 NaN NaN -0.038863767 0.32241523 0.5772907 0.61236453 -0.07887236 0.33353406 -0.36337325 -0.67947626 -0.6786508 -0.70148045 -0.6556802 0.27569512 -0.620086 -0.59835064 -0.26010373 0.5202206 -0.009754671 -0.574859 -0.64928716 -0.678086 -0.7056667 -0.5568821 -0.6364923 -0.61622185 0.02828718 0.5657926 0.7902423 0.8047581 0.7613185 0.81644666 0.5657799 -0.20965171 -0.6415747 -0.43414345 -0.29232004 -0.6533093 0.42931437 0.7037728 0.7075766 0.31063458 -0.5123505 0.016804421 0.55430156 -0.15520608 -0.6729419 -0.6540584 -0.6759142 -0.6392716 -0.6641673 -0.21425189 -0.782153 -0.67794514 -0.77285904 -0.68528485 0.424726 -0.37330118 0.2724767 -0.39976844 -0.17369287 0.3561576 0.383166 
0.42117792 -0.5517936 0.78266823 0.8189581 0.5328441 0.32663906 0.30484927 -0.10509881 0.74777186 0.9474075 0.86941636 0.8813248 1.0 0.81992257 -0.048236 -0.20021564 NaN NaN 0.14384767 0.47960475 0.7533886 0.7628923 -0.21634331 0.469147 -0.28075495 -0.7648662 -0.7664343 -0.8055824 -0.70466363 0.49027342 -0.7360084 -0.67387885 -0.15063773 0.6987182 0.10521046 -0.6331376 -0.6370258 -0.771649 -0.81678814 -0.5546808 -0.7409558 -0.74192375 0.09980863 0.6877562 0.78050923 0.74905914 0.8517105 0.85359204 0.64492065 -0.21092428 -0.7905776 -0.43879595 -0.34163073 -0.82934904 0.45050728 0.7424137 0.8093456 0.24926385 -0.7075226 -0.03737271 0.68218386 -0.1293648 -0.8250101 -0.7942395 -0.7935181 -0.7564205 -0.7480812 -0.11879131 -0.8507554 -0.77790505 -0.82419986 -0.7102106 0.5930459 -0.5108098 0.45918065 -0.45914716 -0.17946447 0.5178367 0.52322704 
0.6804422 -0.24953027 0.654299 0.52554244 0.30289674 0.27618068 0.33407167 0.12929343 0.69480294 0.7073603 0.58585185 0.6324325 0.81992257 1.0 0.38513386 0.15907805 NaN NaN 0.60654265 0.7022464 0.6629847 0.55506235 -0.087524116 0.41685972 -0.13528317 -0.4656726 -0.50010437 -0.6166327 -0.61630034 0.3062495 -0.671814 -0.6390554 -0.26060766 0.42836678 0.04446729 -0.3619203 -0.2913675 -0.55214626 -0.7133374 -0.57737106 -0.7293888 -0.7461327 -0.17934614 0.3771009 0.4730072 0.44449034 0.4908774 0.5196596 0.39789435 -0.21350648 -0.6737664 -0.5418638 -0.56004894 -0.7758882 0.117778085 0.37773952 0.45720115 -0.08496757 -0.71913934 -0.2825374 0.3289061 -0.41539297 -0.774734 -0.7493793 -0.79282975 -0.7559358 -0.7961601 -0.3547399 -0.61630887 -0.51981896 -0.6183754 -0.590789 0.34402704 -0.4696618 0.35334918 -0.20626007 0.056295626 0.5524398 0.5347095 
0.30049214 0.5399868 -0.14929882 -0.3118143 -0.14958052 0.20214112 0.28691402 0.6406908 0.24490649 -0.14266282 -0.11155447 -0.0364961 -0.048236 0.38513386 1.0 0.92198175 NaN NaN 0.72916615 0.3920243 -0.09103328 -0.28590333 0.22728252 -0.1705426 -0.01123703 0.46295032 0.4133993 0.22778402 -0.07051124 -0.4693336 -0.06631483 -0.13692722 -0.4973413 -0.47156972 -0.3446052 0.4149265 0.4934817 0.3025721 0.021911524 -0.35942185 -0.17687179 -0.18741144 -0.6826547 -0.5134128 -0.31060433 -0.27460825 -0.39313203 -0.3277127 -0.38877356 -0.050587554 0.12932189 -0.38654748 -0.5298424 0.0046900744 -0.5361607 -0.44588894 -0.43095875 -0.59044904 -0.12798572 -0.5718487 -0.5486179 -0.7828625 -0.09730153 -0.072787285 -0.19784845 -0.20372622 -0.34481466 -0.71796316 0.2024407 0.3857764 0.16078782 -0.10711687 -0.50767016 -0.01788178 -0.3153634 0.41779283 0.44023913 0.10935261 0.085713625 
0.19154955 0.6403464 -0.2841216 -0.37219602 -0.062864944 0.12537073 0.1957266 0.6717353 0.09886439 -0.24229798 -0.18612033 -0.14899248 -0.20021564 0.15907805 0.92198175 1.0 NaN NaN 0.5967785 0.2030463 -0.21474068 -0.38723826 0.1642158 -0.30390415 -0.056821935 0.5552949 0.5243712 0.34698147 0.013561906 -0.54639566 0.017287329 -0.024161145 -0.45668077 -0.497914 -0.35877302 0.5274032 0.6500135 0.44964737 0.15951088 -0.28805974 -0.062671475 -0.06525333 -0.66718566 -0.58882403 -0.3842235 -0.35305312 -0.4270906 -0.39061588 -0.4966642 0.004806353 0.22148544 -0.3615904 -0.4766127 0.11357124 -0.5804438 -0.49343902 -0.4764305 -0.63901675 -0.061985433 -0.5951269 -0.57315004 -0.73624825 0.0032510012 0.027904864 -0.0891686 -0.10928789 -0.23139356 -0.6725571 0.33348978 0.5268645 0.27769268 -0.058757484 -0.6116888 0.006229996 -0.45041716 0.4543117 0.44797155 -0.06758291 -0.0097497795 
NaN NaN NaN NaN NaN NaN NaN NaN NaN NaN NaN NaN NaN NaN NaN NaN NaN NaN NaN NaN NaN NaN NaN NaN NaN NaN NaN NaN NaN NaN NaN NaN NaN NaN NaN NaN NaN NaN NaN NaN NaN NaN NaN NaN NaN NaN NaN NaN NaN NaN NaN NaN NaN NaN NaN NaN NaN NaN NaN NaN NaN NaN NaN NaN NaN NaN NaN NaN NaN NaN NaN NaN NaN NaN NaN NaN NaN NaN NaN 
NaN NaN NaN NaN NaN NaN NaN NaN NaN NaN NaN NaN NaN NaN NaN NaN NaN NaN NaN NaN NaN NaN NaN NaN NaN NaN NaN NaN NaN NaN NaN NaN NaN NaN NaN NaN NaN NaN NaN NaN NaN NaN NaN NaN NaN NaN NaN NaN NaN NaN NaN NaN NaN NaN NaN NaN NaN NaN NaN NaN NaN NaN NaN NaN NaN NaN NaN NaN NaN NaN NaN NaN NaN NaN NaN NaN NaN NaN NaN 
0.6754517 0.24883471 0.119503915 -0.110379614 -0.14981231 -0.092381135 0.049695894 0.28322548 0.19513763 0.04280708 -0.06855319 -0.038863767 0.14384767 0.60654265 0.72916615 0.5967785 NaN NaN 1.0 0.7805802 0.36269692 0.14644143 0.25732732 0.25348562 0.23634797 0.21488138 0.14842495 -0.029080639 -0.1567061 -0.03872588 -0.22528177 -0.2404858 -0.17026128 -0.042604197 0.0313116 0.24869472 0.3696172 0.05745196 -0.19553918 -0.30621716 -0.32852104 -0.36337915 -0.45663017 -0.18233205 -0.13730666 -0.15083508 -0.16462465 -0.09294242 -0.08112886 -0.113335624 -0.16089693 -0.3755412 -0.53646094 -0.28242064 -0.34158176 -0.19702688 -0.15085267 -0.45529348 -0.39497143 -0.43672302 -0.2220815 -0.5503098 -0.33738756 -0.33126092 -0.38217932 -0.38505703 -0.45594338 -0.49540603 0.039989308 0.074004166 -0.049183823 -0.21363352 -0.19041088 -0.29549456 -0.118520275 0.016607204 0.10765116 0.14119877 0.16289379 
0.63683945 -0.1064298 0.41270894 0.29178283 0.023319336 -0.012423514 0.062325552 0.015143882 0.4064416 0.4009099 0.3048271 0.32241523 0.47960475 0.7022464 0.3920243 0.2030463 NaN NaN 0.7805802 1.0 0.78114253 0.6275246 0.40667292 0.64197797 0.290447 -0.1442556 -0.19904134 -0.32547185 -0.31009376 0.30017632 -0.3774434 -0.3866844 -0.027456585 0.33157343 0.19816628 -0.11357471 -0.101679474 -0.31801265 -0.49185172 -0.37766698 -0.5214562 -0.5315437 -0.22068341 0.22036037 0.27341014 0.25126606 0.23432116 0.3450057 0.35023803 -0.16877608 -0.41770542 -0.34328687 -0.407635 -0.48607937 0.09335697 0.2623968 0.2799301 -0.031461008 -0.5090652 -0.17404819 0.1635315 -0.33839253 -0.5797853 -0.5759257 -0.5830475 -0.5864762 -0.6387589 -0.4157083 -0.3900299 -0.3931671 -0.4818986 -0.5177175 0.08168841 -0.55538887 -0.035965756 -0.3622394 -0.17531814 0.20819704 0.19393188 
0.508049 -0.5311421 0.62876 0.6599928 0.37251088 -0.093521886 -0.098406725 -0.34520948 0.40494072 0.7290384 0.600983 0.5772907 0.7533886 0.6629847 -0.09103328 -0.21474068 NaN NaN 0.36269692 0.78114253 1.0 0.95948255 0.15547806 0.8327172 0.21457963 -0.53603536 -0.55017585 -0.61012894 -0.43291438 0.6768188 -0.5436427 -0.43211907 0.2051365 0.79000527 0.3753779 -0.4480822 -0.41460508 -0.6268777 -0.69706887 -0.35312077 -0.63536704 -0.63864875 0.16402629 0.64132583 0.61618537 0.5544436 0.72121733 0.73377484 0.6551656 -0.059996963 -0.67372227 -0.2580985 -0.20171142 -0.6903879 0.48562586 0.6913251 0.7426388 0.288101 -0.6538885 0.045702565 0.6478418 -0.011851257 -0.761282 -0.74525374 -0.6978739 -0.70512325 -0.6703417 -0.07820066 -0.6979771 -0.7354281 -0.7404713 -0.7190768 0.43466565 -0.7482739 0.16975984 -0.6449923 -0.40251687 0.20228893 0.25185785 
0.3595673 -0.655968 0.61363196 0.7273308 0.42229035 -0.10290776 -0.13409024 -0.4637665 0.35863456 0.751865 0.6379566 0.61236453 0.7628923 0.55506235 -0.28590333 -0.38723826 NaN NaN 0.14644143 0.6275246 0.95948255 1.0 0.112547085 0.84903765 0.19280212 -0.63913655 -0.6390556 -0.6597924 -0.4238596 0.7575704 -0.52211934 -0.39323145 0.29684654 0.8653658 0.4120483 -0.54303735 -0.5271795 -0.6739432 -0.6766353 -0.24474289 -0.5773892 -0.5721251 0.3394361 0.7558052 0.6990696 0.6357243 0.809723 0.80727154 0.7509192 0.006964903 -0.6730212 -0.14420016 -0.04310856 -0.65978754 0.627672 0.7952023 0.83289 0.43844235 -0.60025936 0.18302697 0.7522383 0.15438257 -0.72144705 -0.6974812 -0.6363776 -0.64335537 -0.5830133 0.077469416 -0.745074 -0.799244 -0.7642821 -0.6985152 0.52659196 -0.7156227 0.22217208 -0.732245 -0.50507516 0.15307036 0.19582666 
-0.008236877 0.27856913 -0.29368576 -0.2354323 -0.39690968 -0.119536944 -0.18382192 -0.03323997 -0.12481776 -0.31360206 -0.16427644 -0.07887236 -0.21634331 -0.087524116 0.22728252 0.1642158 NaN NaN 0.25732732 0.40667292 0.15547806 0.112547085 1.0 0.38589588 0.555257 0.44537058 0.40547085 0.37541252 0.34334373 -0.09741187 0.41653696 0.3044972 0.17920965 -0.20841993 0.11333131 0.27770907 0.088182084 0.19060989 0.16967571 0.03705944 0.14827101 0.18500082 -0.22619112 -0.2084129 -0.10738927 -0.055006888 -0.3046922 -0.115089476 0.006308052 -0.026925381 0.35403818 0.14613512 0.07664252 0.36346138 -0.0024130929 -0.11585915 -0.23799591 0.1178584 0.2871053 0.07833845 -0.350588 -0.15794927 0.11994451 0.07454448 0.09484085 0.042051155 -0.01806826 -0.42335743 0.10955443 0.036484644 -0.049128912 -0.1508179 -0.45290494 -0.17296508 -0.5811594 -0.19217797 -0.26467645 -0.40861368 -0.3775959 
0.2779636 -0.5021372 0.34617072 0.4239842 0.12089225 -0.3005588 -0.318129 -0.5403163 0.086915396 0.4135647 0.2990326 0.33353406 0.469147 0.41685972 -0.1705426 -0.30390415 NaN NaN 0.25348562 0.64197797 0.8327172 0.84903765 0.38589588 1.0 0.5856698 -0.285152 -0.2968812 -0.32333973 -0.04762942 0.7432649 -0.19569841 -0.06974517 0.47043085 0.6468222 0.44211537 -0.33564135 -0.30587798 -0.47353393 -0.44885036 -0.070677966 -0.34541702 -0.3458562 0.34296885 0.52589816 0.39806467 0.3463312 0.50563276 0.5003062 0.589177 0.20665468 -0.3899326 0.093859665 0.10783391 -0.36687475 0.5369249 0.54342276 0.56678236 0.44849727 -0.36978546 0.20905136 0.49819726 0.16283388 -0.53014445 -0.5243096 -0.43473017 -0.4768626 -0.41193 0.04347741 -0.5245449 -0.6550136 -0.5808302 -0.5750852 0.2878835 -0.7003948 -0.0035620208 -0.7050344 -0.56255794 -0.056876127 -0.029567257 
0.02101566 -0.043779276 -0.24896404 -0.30965817 -0.4232486 -0.58842885 -0.5878095 -0.47541776 -0.52590585 -0.3465877 -0.4380196 -0.36337325 -0.28075495 -0.13528317 -0.01123703 -0.056821935 NaN NaN 0.23634797 0.290447 0.21457963 0.19280212 0.555257 0.5856698 1.0 0.47737733 0.4513536 0.4410968 0.6334338 0.38449654 0.46970454 0.5559501 0.6046531 0.018176274 0.28228226 0.1880876 0.21950947 0.1250667 0.20539789 0.28295472 0.26552713 0.25403976 0.22347175 -0.08855157 -0.32267755 -0.342051 -0.20903817 -0.24140413 0.01249315 0.38856795 0.307063 0.5109221 0.39759165 0.3499253 0.08716831 -0.15037815 -0.1383447 0.1745937 0.23910613 0.1408322 -0.1346556 0.15362582 0.07550705 0.04769844 0.16626738 0.0716251 0.17506555 0.03542141 0.10823639 -0.08573171 0.025983483 -0.10583323 -0.3053476 -0.36802557 -0.41526866 -0.360581 -0.4371205 -0.4008192 -0.30223218 
-0.19011222 0.6412762 -0.72365546 -0.8190598 -0.59377724 -0.29086313 -0.26874983 0.23142031 -0.5567096 -0.81964463 -0.74911517 -0.67947626 -0.7648662 -0.4656726 0.46295032 0.5552949 NaN NaN 0.21488138 -0.1442556 -0.53603536 -0.63913655 0.44537058 -0.285152 0.47737733 1.0 0.9745835 0.9124135 0.72901154 -0.48793638 0.7275892 0.66590786 0.07067054 -0.7198177 -0.16341974 0.7397703 0.70344335 0.69832975 0.6440034 0.21836467 0.54184973 0.5411099 -0.3916903 -0.76255965 -0.7628157 -0.7167493 -0.81522983 -0.78233784 -0.6492779 0.18397357 0.77626544 0.29238972 0.12548131 0.76178473 -0.5573354 -0.7700168 -0.8026969 -0.40808976 0.57602483 -0.22868699 -0.8047879 -0.28933203 0.5412284 0.5067945 0.50698847 0.43320575 0.40804034 -0.3486047 0.6763823 0.6459761 0.58722764 0.34073365 -0.81926596 0.23232596 -0.6645483 0.4062916 0.1885198 -0.45005074 -0.38488758 
-0.22088638 0.6119141 -0.7215211 -0.80222064 -0.5610435 -0.29214996 -0.27558598 0.21526718 -0.5707743 -0.8050641 -0.73800707 -0.6786508 -0.7664343 -0.50010437 0.4133993 0.5243712 NaN NaN 0.14842495 -0.19904134 -0.55017585 -0.6390556 0.40547085 -0.2968812 0.4513536 0.9745835 1.0 0.9623679 0.7911519 -0.45562816 0.7466223 0.7086054 0.116096884 -0.6942975 -0.14533938 0.7378952 0.7031236 0.68000156 0.63934356 0.22921933 0.5588072 0.5640013 -0.34382764 -0.7397557 -0.7485697 -0.70486593 -0.7873653 -0.7696946 -0.6364172 0.21090296 0.77597815 0.31934828 0.1755934 0.7697828 -0.53254247 -0.7518464 -0.7824515 -0.3925184 0.5731131 -0.23313157 -0.78085333 -0.25579494 0.538148 0.4894291 0.49659276 0.4220881 0.4164989 -0.3307078 0.6431727 0.6166816 0.5679814 0.32304844 -0.8114406 0.21866609 -0.6652954 0.3969612 0.1776912 -0.46905458 -0.3922369 
-0.30988833 0.5568681 -0.72595507 -0.7988279 -0.60466766 -0.28741252 -0.29275218 0.12907599 -0.6300841 -0.833678 -0.7592817 -0.70148045 -0.8055824 -0.6166327 0.22778402 0.34698147 NaN NaN -0.029080639 -0.32547185 -0.61012894 -0.6597924 0.37541252 -0.32333973 0.4410968 0.9124135 0.9623679 1.0 0.88728034 -0.40931883 0.83769566 0.7840995 0.19972064 -0.6865344 -0.13201483 0.6641999 0.5986504 0.6556024 0.7051118 0.31277514 0.6799276 0.6870451 -0.22272527 -0.70154494 -0.7510222 -0.70492494 -0.7803032 -0.77212524 -0.6219623 0.18493946 0.82486516 0.43969288 0.31202394 0.8383898 -0.48394322 -0.7394101 -0.7753241 -0.29290277 0.68311197 -0.13380723 -0.74905187 -0.098972715 0.6213653 0.5549004 0.5883925 0.51719314 0.5539353 -0.19795644 0.64876366 0.58630145 0.5706401 0.38304177 -0.76953244 0.2797777 -0.63731146 0.3559107 0.10166794 -0.5053457 -0.41398486 
-0.31503403 0.27231643 -0.5810839 -0.6310045 -0.56062925 -0.43207255 -0.4488706 -0.20227292 -0.70512277 -0.71735007 -0.7058532 -0.6556802 -0.70466363 -0.61630034 -0.07051124 0.013561906 NaN NaN -0.1567061 -0.31009376 -0.43291438 -0.4238596 0.34334373 -0.04762942 0.6334338 0.72901154 0.7911519 0.88728034 1.0 -0.015339723 0.8916372 0.9094374 0.53923815 -0.41324908 0.06823651 0.4464193 0.42727125 0.46224046 0.6301426 0.42451355 0.71716094 0.7192088 0.13290991 -0.45067066 -0.6308764 -0.61732423 -0.59272385 -0.63126355 -0.40445518 0.28568617 0.70352876 0.643184 0.5469471 0.76724297 -0.24373035 -0.56257135 -0.5770457 -0.061637145 0.63853353 0.026419576 -0.51538134 0.14743622 0.526196 0.45495516 0.5729291 0.48047087 0.58851296 0.06401813 0.48424762 0.32060513 0.41006824 0.29115626 -0.57534105 0.09722153 -0.53808933 0.041887388 -0.19950877 -0.53869057 -0.4220872 
0.21830142 -0.68213105 0.47812098 0.51521665 0.2524788 -0.3093793 -0.31745535 -0.62894845 0.033675235 0.49401864 0.30284527 0.27569512 0.49027342 0.3062495 -0.4693336 -0.54639566 NaN NaN -0.03872588 0.30017632 0.6768188 0.7575704 -0.09741187 0.7432649 0.38449654 -0.48793638 -0.45562816 -0.40931883 -0.015339723 1.0 -0.1545117 0.05825487 0.68752354 0.8299575 0.55119735 -0.43875954 -0.34129012 -0.5583787 -0.43912435 0.014300577 -0.2450943 -0.25146398 0.6431399 0.68012506 0.43023694 0.3379394 0.63219845 0.5242984 0.6153849 0.1524976 -0.51500916 0.16438739 0.23839696 -0.45683628 0.5156437 0.53080344 0.60854095 0.3646889 -0.44167814 0.14583312 0.6212282 0.31793287 -0.5253484 -0.50240624 -0.36575523 -0.41076562 -0.2698877 0.34715927 -0.55417717 -0.70670277 -0.5670211 -0.47181317 0.48577377 -0.6194249 0.2526674 -0.6979566 -0.55731225 0.066462316 0.12342282 
-0.36760396 0.38721317 -0.6274077 -0.65222937 -0.6196916 -0.2829191 -0.3098022 -0.05598503 -0.62064767 -0.76519424 -0.6744673 -0.620086 -0.7360084 -0.671814 -0.06631483 0.017287329 NaN NaN -0.22528177 -0.3774434 -0.5436427 -0.52211934 0.41653696 -0.19569841 0.46970454 0.7275892 0.7466223 0.83769566 0.8916372 -0.1545117 1.0 0.919421 0.46553442 -0.4959815 0.04979538 0.49002546 0.36939746 0.52059966 0.6892839 0.41592416 0.75956184 0.77852535 0.029230764 -0.49409628 -0.5866254 -0.544874 -0.6578625 -0.63176143 -0.43201643 0.08743882 0.75734603 0.55561787 0.4711027 0.8159276 -0.32626465 -0.60414493 -0.66029257 -0.108787574 0.664265 -0.023464406 -0.62659514 0.078938596 0.61376035 0.5544187 0.6465012 0.55563205 0.6154454 -0.030389762 0.5446231 0.41666397 0.44361416 0.37476116 -0.6087832 0.2636889 -0.55156356 0.13743329 -0.1362383 -0.5437514 -0.46265006 
-0.3232966 0.25344568 -0.56276804 -0.54734033 -0.40803307 -0.40074 -0.4424628 -0.19261768 -0.67465436 -0.668378 -0.6347361 -0.59835064 -0.67387885 -0.6390554 -0.13692722 -0.024161145 NaN NaN -0.2404858 -0.3866844 -0.43211907 -0.39323145 0.3044972 -0.06974517 0.5559501 0.66590786 0.7086054 0.7840995 0.9094374 0.05825487 0.919421 1.0 0.6466069 -0.2983012 0.17679127 0.4703269 0.45354205 0.43977648 0.6050296 0.40910572 0.6998056 0.7072978 0.1718916 -0.38779438 -0.5368198 -0.5347469 -0.5243982 -0.5637687 -0.35643566 0.30770588 0.64174014 0.57180035 0.52739215 0.7127447 -0.23246893 -0.512908 -0.538242 -0.09058481 0.5319289 -0.060765933 -0.50375223 0.09943697 0.49480715 0.4585192 0.5618351 0.45560753 0.55101836 0.052735113 0.4590104 0.319334 0.38536867 0.23029625 -0.56953955 0.06472867 -0.55210555 0.023051241 -0.21407773 -0.5649486 -0.41663998 
-0.050167456 -0.30770558 -0.05934493 0.012482904 -0.10518262 -0.5731622 -0.5867831 -0.60577315 -0.4939891 -0.14712125 -0.2421728 -0.26010373 -0.15063773 -0.26060766 -0.4973413 -0.45668077 NaN NaN -0.17026128 -0.027456585 0.2051365 0.29684654 0.17920965 0.47043085 0.6046531 0.07067054 0.116096884 0.19972064 0.53923815 0.68752354 0.46553442 0.6466069 1.0 0.44342187 0.69590604 0.097923934 0.08321542 -0.09093891 0.084785864 0.31241524 0.29809505 0.31177065 0.59134614 0.2931959 0.01598067 -0.046922833 0.08697347 0.024581408 0.2369907 0.19112554 0.07169546 0.48871163 0.5205991 0.1541066 0.23558189 0.065372474 0.06971619 0.19712192 0.028982675 0.13800842 0.13819994 0.37434155 -0.011659676 -0.01997262 0.14308172 0.04598974 0.21200381 0.32995632 -0.04862799 -0.26150215 -0.10410161 -0.09111858 0.028953504 -0.30930972 -0.13282174 -0.49991545 -0.5809073 -0.40351865 -0.29747924 
0.31221464 -0.71610236 0.6177055 0.76684225 0.56460834 -0.1549891 -0.19628006 -0.50754493 0.25619128 0.7260291 0.590907 0.5202206 0.6987182 0.42836678 -0.47156972 -0.497914 NaN NaN -0.042604197 0.33157343 0.79000527 0.8653658 -0.20841993 0.6468222 0.018176274 -0.7198177 -0.6942975 -0.6865344 -0.41324908 0.8299575 -0.4959815 -0.2983012 0.44342187 1.0 0.59828097 -0.4742765 -0.43681714 -0.67845196 -0.6675985 -0.20141004 -0.52642345 -0.5137499 0.50119734 0.8368685 0.7266273 0.64498866 0.84933335 0.7837968 0.7162845 -0.029316254 -0.7189568 -0.14861044 -0.0022116723 -0.7006505 0.59498304 0.76632464 0.8233657 0.35637116 -0.64242077 0.17820112 0.82577217 0.28209034 -0.6768327 -0.64575887 -0.57360446 -0.57593906 -0.47734022 0.2848298 -0.68362117 -0.75972646 -0.6864593 -0.55865 0.66649115 -0.5752305 0.397871 -0.6739213 -0.47252208 0.14018057 0.19986174 
0.16165978 -0.2963151 0.15523471 0.25736478 0.11548502 -0.33815852 -0.37084585 -0.41369918 -0.1674056 0.085659064 0.022333594 -0.009754671 0.10521046 0.04446729 -0.3446052 -0.35877302 NaN NaN 0.0313116 0.19816628 0.3753779 0.4120483 0.11333131 0.44211537 0.28228226 -0.16341974 -0.14533938 -0.13201483 0.06823651 0.55119735 0.04979538 0.17679127 0.69590604 0.59828097 1.0 0.24310778 -0.021219099 -0.3512887 -0.37745067 -0.14693192 -0.18446435 -0.13172011 0.31753454 0.39701894 0.26372048 0.22375005 0.241104 0.2533617 0.35374793 -0.111060224 -0.23171851 0.07269645 0.13965286 -0.19502284 0.26306474 0.2652888 0.25229865 0.16969024 -0.21371625 0.17991224 0.32962716 0.29856464 -0.18116586 -0.17148434 -0.1163692 -0.13570774 -0.06985935 0.23874283 -0.16610989 -0.30875304 -0.24682245 -0.15947904 0.2796934 -0.25396127 0.11175567 -0.44847587 -0.43738812 -0.19943386 -0.20212752 
-0.08358105 0.5991587 -0.58572227 -0.6162271 -0.35524794 -0.2137906 -0.18531726 0.31821206 -0.43352407 -0.66322625 -0.5948765 -0.574859 -0.6331376 -0.3619203 0.4149265 0.5274032 NaN NaN 0.24869472 -0.11357471 -0.4480822 -0.54303735 0.27770907 -0.33564135 0.1880876 0.7397703 0.7378952 0.6641999 0.4464193 -0.43875954 0.49002546 0.4703269 0.097923934 -0.4742765 0.24310778 1.0 0.6901631 0.47577763 0.3279138 -0.00371697 0.27504954 0.29874802 -0.4292993 -0.62028414 -0.576068 -0.5472321 -0.6644888 -0.61817515 -0.5539431 -0.008724881 0.51449573 0.031258576 -0.06623286 0.5005789 -0.5248555 -0.63198954 -0.6685809 -0.47834685 0.32590503 -0.27778977 -0.6429273 -0.27297246 0.4640583 0.4667364 0.39395723 0.35743243 0.28574252 -0.2837251 0.64686966 0.6787252 0.55675447 0.3093738 -0.6276647 0.22912496 -0.5076316 0.3790633 0.20884505 -0.38486624 -0.34511322 
0.03011087 0.56419855 -0.5452759 -0.612959 -0.19813025 -0.34690344 -0.26448554 0.293788 -0.4881371 -0.629565 -0.64993066 -0.64928716 -0.6370258 -0.2913675 0.4934817 0.6500135 NaN NaN 0.3696172 -0.101679474 -0.41460508 -0.5271795 0.088182084 -0.30587798 0.21950947 0.70344335 0.7031236 0.5986504 0.42727125 -0.34129012 0.36939746 0.45354205 0.08321542 -0.43681714 -0.021219099 0.6901631 1.0 0.7606904 0.5546201 0.20499724 0.38422692 0.36162165 -0.27914092 -0.5906218 -0.6195985 -0.6453488 -0.630011 -0.6714962 -0.5755263 0.23988414 0.4179088 -0.0093097575 -0.1162506 0.37687933 -0.60219955 -0.6977731 -0.6753655 -0.6454339 0.12156741 -0.46380022 -0.63543963 -0.37187156 0.3006817 0.31496564 0.27648985 0.22639991 0.20382677 -0.25587556 0.64129585 0.66383237 0.6118985 0.31598276 -0.6099444 0.12984213 -0.4703671 0.44510552 0.30144534 -0.37608662 -0.28374484 
-0.2671372 0.5489834 -0.7268817 -0.74997723 -0.45041466 -0.25291288 -0.1811395 0.27536315 -0.54344827 -0.76795083 -0.69748664 -0.678086 -0.771649 -0.55214626 0.3025721 0.44964737 NaN NaN 0.05745196 -0.31801265 -0.6268777 -0.6739432 0.19060989 -0.47353393 0.1250667 0.69832975 0.68000156 0.6556024 0.46224046 -0.5583787 0.52059966 0.43977648 -0.09093891 -0.67845196 -0.3512887 0.47577763 0.7606904 1.0 0.87672967 0.5405195 0.6515706 0.62406486 -0.23037657 -0.63261575 -0.63603634 -0.61789536 -0.71370673 -0.71366835 -0.6040068 0.16353925 0.64771664 0.18900633 0.07930179 0.6390983 -0.5576569 -0.71063346 -0.74347013 -0.45986536 0.44439203 -0.20102134 -0.69951636 -0.17724173 0.55374414 0.5326747 0.4941072 0.45506614 0.4352811 -0.18926375 0.7197311 0.7391946 0.70130056 0.54672724 -0.6176422 0.42780375 -0.47756472 0.5367052 0.31018677 -0.41648686 -0.37772006 
-0.41911462 0.44065365 -0.72379357 -0.74366117 -0.5357868 -0.2726323 -0.24103747 0.08170205 -0.6531026 -0.8080087 -0.7367291 -0.7056667 -0.81678814 -0.7133374 0.021911524 0.15951088 NaN NaN -0.19553918 -0.49185172 -0.69706887 -0.6766353 0.16967571 -0.44885036 0.20539789 0.6440034 0.63934356 0.7051118 0.6301426 -0.43912435 0.6892839 0.6050296 0.084785864 -0.6675985 -0.37745067 0.3279138 0.5546201 0.87672967 1.0 0.7326765 0.90973216 0.8771898 0.031613342 -0.5534644 -0.6312087 -0.6181186 -0.6953768 -0.7198384 -0.5435718 0.19744414 0.7232948 0.42783132 0.34073585 0.7529319 -0.4710142 -0.70024353 -0.7344203 -0.2836965 0.6141548 -0.06632135 -0.65579206 0.049702734 0.66539025 0.6346991 0.6621579 0.6071153 0.6479666 0.04049697 0.7107189 0.6658247 0.71647674 0.6296187 -0.5532801 0.4635222 -0.4500936 0.39430782 0.114198156 -0.4780977 -0.4288685 
-0.41513148 -0.0732561 -0.48878905 -0.42129034 -0.37627205 -0.44812503 -0.41051227 -0.3394528 -0.64210236 -0.518846 -0.54374146 -0.5568821 -0.5546808 -0.57737106 -0.35942185 -0.28805974 NaN NaN -0.30621716 -0.37766698 -0.35312077 -0.24474289 0.03705944 -0.070677966 0.28295472 0.21836467 0.22921933 0.31277514 0.42451355 0.014300577 0.41592416 0.40910572 0.31241524 -0.20141004 -0.14693192 -0.00371697 0.20499724 0.5405195 0.7326765 1.0 0.7032317 0.65668344 0.47706524 -0.055701364 -0.28006315 -0.3140008 -0.2827515 -0.34808514 -0.06699922 0.33469746 0.3653688 0.5095924 0.50747776 0.45658493 -0.0021232413 -0.27007225 -0.29483047 0.0829604 0.37081718 0.26453918 -0.16521652 0.43008268 0.4236967 0.4037573 0.471803 0.41766086 0.50659686 0.4020203 0.39223516 0.27412271 0.45517457 0.5324161 -0.05818312 0.28020978 -0.09736758 0.028638627 -0.13258046 -0.34099215 -0.38053653 
-0.45514202 0.3030016 -0.6059427 -0.6220025 -0.5176239 -0.26191545 -0.25521174 -0.06308723 -0.6394687 -0.7310228 -0.66689926 -0.6364923 -0.7409558 -0.7293888 -0.17687179 -0.062671475 NaN NaN -0.32852104 -0.5214562 -0.63536704 -0.5773892 0.14827101 -0.34541702 0.26552713 0.54184973 0.5588072 0.6799276 0.71716094 -0.2450943 0.75956184 0.6998056 0.29809505 -0.52642345 -0.18446435 0.27504954 0.38422692 0.6515706 0.90973216 0.7032317 1.0 0.9793962 0.21540134 -0.4283032 -0.53045213 -0.5252207 -0.5971405 -0.62631 -0.41327682 0.14803734 0.65909714 0.5338972 0.48349425 0.7230403 -0.35588863 -0.6026712 -0.63724375 -0.14028952 0.6042345 -0.016008161 -0.54183185 0.18716185 0.616665 0.5728136 0.6554532 0.5853473 0.6899132 0.16504467 0.57634604 0.47833204 0.5915318 0.5674964 -0.44624704 0.39508423 -0.3773851 0.19940318 -0.081019774 -0.46901554 -0.41327018 
-0.46581408 0.31491238 -0.60437936 -0.59930444 -0.5001089 -0.23455726 -0.24442503 -0.049790177 -0.6260833 -0.7356825 -0.6458836 -0.61622185 -0.74192375 -0.7461327 -0.18741144 -0.06525333 NaN NaN -0.36337915 -0.5315437 -0.63864875 -0.5721251 0.18500082 -0.3458562 0.25403976 0.5411099 0.5640013 0.6870451 0.7192088 -0.25146398 0.77852535 0.7072978 0.31177065 -0.5137499 -0.13172011 0.29874802 0.36162165 0.62406486 0.8771898 0.65668344 0.9793962 1.0 0.17920871 -0.4566583 -0.52238005 -0.5006939 -0.60469323 -0.6083198 -0.38619906 0.109259516 0.6615605 0.5105083 0.47888803 0.7298835 -0.32514718 -0.5720357 -0.62208605 -0.097509645 0.628157 0.025855064 -0.5285248 0.20413084 0.6209543 0.5740908 0.6524113 0.58444816 0.68683493 0.14793281 0.5579556 0.46160838 0.5580612 0.54821104 -0.45543954 0.4103021 -0.3929615 0.19869336 -0.0871771 -0.49407837 -0.4354565 
-0.2224568 -0.5719662 0.16843376 0.2975268 0.15172929 -0.29997674 -0.3441509 -0.65548354 -0.23643774 0.16663913 0.06168293 0.02828718 0.09980863 -0.17934614 -0.6826547 -0.66718566 NaN NaN -0.45663017 -0.22068341 0.16402629 0.3394361 -0.22619112 0.34296885 0.22347175 -0.3916903 -0.34382764 -0.22272527 0.13290991 0.6431399 0.029230764 0.1718916 0.59134614 0.50119734 0.31753454 -0.4292993 -0.27914092 -0.23037657 0.031613342 0.47706524 0.21540134 0.17920871 1.0 0.6760049 0.3557924 0.27007702 0.42996526 0.26706508 0.4132435 0.25505954 -0.19688708 0.4610422 0.5805011 -0.09426267 0.39254436 0.2752963 0.31850052 0.35390162 -0.09624643 0.28576335 0.44003147 0.5769461 -0.09673627 -0.083000906 0.051838953 0.015574113 0.16508749 0.6217909 -0.27156547 -0.41955498 -0.19055179 -0.005632395 0.45905706 -0.19502993 0.25791645 -0.5328741 -0.5247925 -0.11632677 -0.10820371 
0.12254398 -0.7296425 0.56925535 0.73025835 0.4419781 -0.007126019 -0.05991195 -0.48730648 0.32689774 0.71131617 0.617619 0.5657926 0.6877562 0.3771009 -0.5134128 -0.58882403 NaN NaN -0.18233205 0.22036037 0.64132583 0.7558052 -0.2084129 0.52589816 -0.08855157 -0.76255965 -0.7397557 -0.70154494 -0.45067066 0.68012506 -0.49409628 -0.38779438 0.2931959 0.8368685 0.39701894 -0.62028414 -0.5906218 -0.63261575 -0.5534644 -0.055701364 -0.4283032 -0.4566583 0.6760049 1.0 0.85986155 0.7877971 0.85530114 0.79330796 0.7445664 -0.04246138 -0.648963 -0.06029162 0.09451876 -0.62451315 0.59255826 0.72959507 0.7570133 0.38995504 -0.53721625 0.23456058 0.75282896 0.30989364 -0.59460145 -0.57589525 -0.50061584 -0.49431783 -0.4105432 0.29529452 -0.70348096 -0.76328665 -0.6569925 -0.4274653 0.7396805 -0.39175886 0.49480164 -0.63662136 -0.44496113 0.22914957 0.16793837 
0.16519137 -0.5418954 0.62229055 0.8274157 0.557217 0.28932396 0.20632523 -0.20632206 0.60978764 0.80540484 0.8341326 0.7902423 0.78050923 0.4730072 -0.31060433 -0.3842235 NaN NaN -0.13730666 0.27341014 0.61618537 0.6990696 -0.10738927 0.39806467 -0.32267755 -0.7628157 -0.7485697 -0.7510222 -0.6308764 0.43023694 -0.5866254 -0.5368198 0.01598067 0.7266273 0.26372048 -0.576068 -0.6195985 -0.63603634 -0.6312087 -0.28006315 -0.53045213 -0.52238005 0.3557924 0.85986155 1.0 0.9680157 0.84805536 0.86388606 0.6892174 -0.21264075 -0.69128895 -0.35363317 -0.1645236 -0.69031775 0.532082 0.76898915 0.751758 0.331538 -0.5737008 0.13545063 0.66994274 0.05735852 -0.67286843 -0.6569885 -0.63902533 -0.62032795 -0.5991409 -0.015243338 -0.7647848 -0.73897386 -0.7420208 -0.5397308 0.63698864 -0.32291654 0.41615587 -0.52300054 -0.31036875 0.2586614 0.20824538 
0.13594568 -0.4748653 0.58467346 0.7961046 0.5106033 0.35612348 0.25379008 -0.15716006 0.6333949 0.7660352 0.83595175 0.8047581 0.74905914 0.44449034 -0.27460825 -0.35305312 NaN NaN -0.15083508 0.25126606 0.5544436 0.6357243 -0.055006888 0.3463312 -0.342051 -0.7167493 -0.70486593 -0.70492494 -0.61732423 0.3379394 -0.544874 -0.5347469 -0.046922833 0.64498866 0.22375005 -0.5472321 -0.6453488 -0.61789536 -0.6181186 -0.3140008 -0.5252207 -0.5006939 0.27007702 0.7877971 0.9680157 1.0 0.79743564 0.83568937 0.65049785 -0.25429612 -0.6356136 -0.3631873 -0.17786054 -0.62507796 0.5258118 0.7537586 0.7182063 0.35910517 -0.5009204 0.16653188 0.62360555 0.04861516 -0.62057275 -0.6176259 -0.6119054 -0.58474195 -0.5742245 -0.061389055 -0.74335814 -0.71348643 -0.73877376 -0.52424335 0.5952863 -0.25555947 0.37987617 -0.48755726 -0.2952681 0.23783226 0.18673189 
0.17533427 -0.69830483 0.6812114 0.8473057 0.6352779 0.11855761 0.054756824 -0.3658153 0.497621 0.8955652 0.8131646 0.7613185 0.8517105 0.4908774 -0.39313203 -0.4270906 NaN NaN -0.16462465 0.23432116 0.72121733 0.809723 -0.3046922 0.50563276 -0.20903817 -0.81522983 -0.7873653 -0.7803032 -0.59272385 0.63219845 -0.6578625 -0.5243982 0.08697347 0.84933335 0.241104 -0.6644888 -0.630011 -0.71370673 -0.6953768 -0.2827515 -0.5971405 -0.60469323 0.42996526 0.85530114 0.84805536 0.79743564 1.0 0.92459136 0.74269164 -2.7368526E-4 -0.7751741 -0.25209707 -0.07576594 -0.74631506 0.6091065 0.84682244 0.91604406 0.39714533 -0.63845634 0.15396146 0.8550397 0.16960348 -0.72358507 -0.6912362 -0.6488954 -0.63129675 -0.5671887 0.1707381 -0.8088028 -0.79168975 -0.75439197 -0.62711906 0.7127262 -0.5146283 0.45331192 -0.60320127 -0.35916778 0.2991483 0.32621858 
