NaN NaN NaN NaN NaN NaN NaN NaN NaN NaN NaN NaN NaN NaN NaN NaN NaN NaN NaN NaN NaN NaN NaN NaN NaN NaN NaN NaN NaN NaN NaN NaN NaN NaN NaN NaN NaN NaN NaN NaN NaN NaN NaN NaN NaN NaN NaN NaN NaN NaN NaN NaN NaN NaN NaN NaN NaN NaN NaN NaN NaN NaN NaN NaN NaN NaN NaN NaN NaN NaN NaN NaN NaN NaN NaN NaN NaN NaN NaN NaN NaN NaN NaN NaN NaN NaN NaN NaN NaN NaN NaN NaN NaN NaN NaN NaN NaN NaN NaN NaN NaN NaN NaN NaN NaN NaN NaN NaN 
NaN NaN NaN NaN NaN NaN NaN NaN NaN NaN NaN NaN NaN NaN NaN NaN NaN NaN NaN NaN NaN NaN NaN NaN NaN NaN NaN NaN NaN NaN NaN NaN NaN NaN NaN NaN NaN NaN NaN NaN NaN NaN NaN NaN NaN NaN NaN NaN NaN NaN NaN NaN NaN NaN NaN NaN NaN NaN NaN NaN NaN NaN NaN NaN NaN NaN NaN NaN NaN NaN NaN NaN NaN NaN NaN NaN NaN NaN NaN NaN NaN NaN NaN NaN NaN NaN NaN NaN NaN NaN NaN NaN NaN NaN NaN NaN NaN NaN NaN NaN NaN NaN NaN NaN NaN NaN NaN NaN 
NaN NaN NaN NaN NaN NaN NaN NaN NaN NaN NaN NaN NaN NaN NaN NaN NaN NaN NaN NaN NaN NaN NaN NaN NaN NaN NaN NaN NaN NaN NaN NaN NaN NaN NaN NaN NaN NaN NaN NaN NaN NaN NaN NaN NaN NaN NaN NaN NaN NaN NaN NaN NaN NaN NaN NaN NaN NaN NaN NaN NaN NaN NaN NaN NaN NaN NaN NaN NaN NaN NaN NaN NaN NaN NaN NaN NaN NaN NaN NaN NaN NaN NaN NaN NaN NaN NaN NaN NaN NaN NaN NaN NaN NaN NaN NaN NaN NaN NaN NaN NaN NaN NaN NaN NaN NaN NaN NaN 
NaN NaN NaN NaN NaN NaN NaN NaN NaN NaN NaN NaN NaN NaN NaN NaN NaN NaN NaN NaN NaN NaN NaN NaN NaN NaN NaN NaN NaN NaN NaN NaN NaN NaN NaN NaN NaN NaN NaN NaN NaN NaN NaN NaN NaN NaN NaN NaN NaN NaN NaN NaN NaN NaN NaN NaN NaN NaN NaN NaN NaN NaN NaN NaN NaN NaN NaN NaN NaN NaN NaN NaN NaN NaN NaN NaN NaN NaN NaN NaN NaN NaN NaN NaN NaN NaN NaN NaN NaN NaN NaN NaN NaN NaN NaN NaN NaN NaN NaN NaN NaN NaN NaN NaN NaN NaN NaN NaN 
NaN NaN NaN NaN NaN NaN NaN NaN NaN NaN NaN NaN NaN NaN NaN NaN NaN NaN NaN NaN NaN NaN NaN NaN NaN NaN NaN NaN NaN NaN NaN NaN NaN NaN NaN NaN NaN NaN NaN NaN NaN NaN NaN NaN NaN NaN NaN NaN NaN NaN NaN NaN NaN NaN NaN NaN NaN NaN NaN NaN NaN NaN NaN NaN NaN NaN NaN NaN NaN NaN NaN NaN NaN NaN NaN NaN NaN NaN NaN NaN NaN NaN NaN NaN NaN NaN NaN NaN NaN NaN NaN NaN NaN NaN NaN NaN NaN NaN NaN NaN NaN NaN NaN NaN NaN NaN NaN NaN 
NaN NaN NaN NaN NaN NaN NaN NaN NaN NaN NaN NaN NaN NaN NaN NaN NaN NaN NaN NaN NaN NaN NaN NaN NaN NaN NaN NaN NaN NaN NaN NaN NaN NaN NaN NaN NaN NaN NaN NaN NaN NaN NaN NaN NaN NaN NaN NaN NaN NaN NaN NaN NaN NaN NaN NaN NaN NaN NaN NaN NaN NaN NaN NaN NaN NaN NaN NaN NaN NaN NaN NaN NaN NaN NaN NaN NaN NaN NaN NaN NaN NaN NaN NaN NaN NaN NaN NaN NaN NaN NaN NaN NaN NaN NaN NaN NaN NaN NaN NaN NaN NaN NaN NaN NaN NaN NaN NaN 
NaN NaN NaN NaN NaN NaN NaN NaN NaN NaN NaN NaN NaN NaN NaN NaN NaN NaN NaN NaN NaN NaN NaN NaN NaN NaN NaN NaN NaN NaN NaN NaN NaN NaN NaN NaN NaN NaN NaN NaN NaN NaN NaN NaN NaN NaN NaN NaN NaN NaN NaN NaN NaN NaN NaN NaN NaN NaN NaN NaN NaN NaN NaN NaN NaN NaN NaN NaN NaN NaN NaN NaN NaN NaN NaN NaN NaN NaN NaN NaN NaN NaN NaN NaN NaN NaN NaN NaN NaN NaN NaN NaN NaN NaN NaN NaN NaN NaN NaN NaN NaN NaN NaN NaN NaN NaN NaN NaN 
NaN NaN NaN NaN NaN NaN NaN NaN NaN NaN NaN NaN NaN NaN NaN NaN NaN NaN NaN NaN NaN NaN NaN NaN NaN NaN NaN NaN NaN NaN NaN NaN NaN NaN NaN NaN NaN NaN NaN NaN NaN NaN NaN NaN NaN NaN NaN NaN NaN NaN NaN NaN NaN NaN NaN NaN NaN NaN NaN NaN NaN NaN NaN NaN NaN NaN NaN NaN NaN NaN NaN NaN NaN NaN NaN NaN NaN NaN NaN NaN NaN NaN NaN NaN NaN NaN NaN NaN NaN NaN NaN NaN NaN NaN NaN NaN NaN NaN NaN NaN NaN NaN NaN NaN NaN NaN NaN NaN 
NaN NaN NaN NaN NaN NaN NaN NaN NaN NaN NaN NaN NaN NaN NaN NaN NaN NaN NaN NaN NaN NaN NaN NaN NaN NaN NaN NaN NaN NaN NaN NaN NaN NaN NaN NaN NaN NaN NaN NaN NaN NaN NaN NaN NaN NaN NaN NaN NaN NaN NaN NaN NaN NaN NaN NaN NaN NaN NaN NaN NaN NaN NaN NaN NaN NaN NaN NaN NaN NaN NaN NaN NaN NaN NaN NaN NaN NaN NaN NaN NaN NaN NaN NaN NaN NaN NaN NaN NaN NaN NaN NaN NaN NaN NaN NaN NaN NaN NaN NaN NaN NaN NaN NaN NaN NaN NaN NaN 
NaN NaN NaN NaN NaN NaN NaN NaN NaN NaN NaN NaN NaN NaN NaN NaN NaN NaN NaN NaN NaN NaN NaN NaN NaN NaN NaN NaN NaN NaN NaN NaN NaN NaN NaN NaN NaN NaN NaN NaN NaN NaN NaN NaN NaN NaN NaN NaN NaN NaN NaN NaN NaN NaN NaN NaN NaN NaN NaN NaN NaN NaN NaN NaN NaN NaN NaN NaN NaN NaN NaN NaN NaN NaN NaN NaN NaN NaN NaN NaN NaN NaN NaN NaN NaN NaN NaN NaN NaN NaN NaN NaN NaN NaN NaN NaN NaN NaN NaN NaN NaN NaN NaN NaN NaN NaN NaN NaN 
NaN NaN NaN NaN NaN NaN NaN NaN NaN NaN NaN NaN NaN NaN NaN NaN NaN NaN NaN NaN NaN NaN NaN NaN NaN NaN NaN NaN NaN NaN NaN NaN NaN NaN NaN NaN NaN NaN NaN NaN NaN NaN NaN NaN NaN NaN NaN NaN NaN NaN NaN NaN NaN NaN NaN NaN NaN NaN NaN NaN NaN NaN NaN NaN NaN NaN NaN NaN NaN NaN NaN NaN NaN NaN NaN NaN NaN NaN NaN NaN NaN NaN NaN NaN NaN NaN NaN NaN NaN NaN NaN NaN NaN NaN NaN NaN NaN NaN NaN NaN NaN NaN NaN NaN NaN NaN NaN NaN 
NaN NaN NaN NaN NaN NaN NaN NaN NaN NaN NaN NaN NaN NaN NaN NaN NaN NaN NaN NaN NaN NaN NaN NaN NaN NaN NaN NaN NaN NaN NaN NaN NaN NaN NaN NaN NaN NaN NaN NaN NaN NaN NaN NaN NaN NaN NaN NaN NaN NaN NaN NaN NaN NaN NaN NaN NaN NaN NaN NaN NaN NaN NaN NaN NaN NaN NaN NaN NaN NaN NaN NaN NaN NaN NaN NaN NaN NaN NaN NaN NaN NaN NaN NaN NaN NaN NaN NaN NaN NaN NaN NaN NaN NaN NaN NaN NaN NaN NaN NaN NaN NaN NaN NaN NaN NaN NaN NaN 
NaN NaN NaN NaN NaN NaN NaN NaN NaN NaN NaN NaN NaN NaN NaN NaN NaN NaN NaN NaN NaN NaN NaN NaN NaN NaN NaN NaN NaN NaN NaN NaN NaN NaN NaN NaN NaN NaN NaN NaN NaN NaN NaN NaN NaN NaN NaN NaN NaN NaN NaN NaN NaN NaN NaN NaN NaN NaN NaN NaN NaN NaN NaN NaN NaN NaN NaN NaN NaN NaN NaN NaN NaN NaN NaN NaN NaN NaN NaN NaN NaN NaN NaN NaN NaN NaN NaN NaN NaN NaN NaN NaN NaN NaN NaN NaN NaN NaN NaN NaN NaN NaN NaN NaN NaN NaN NaN NaN 
NaN NaN NaN NaN NaN NaN NaN NaN NaN NaN NaN NaN NaN NaN NaN NaN NaN NaN NaN NaN NaN NaN NaN NaN NaN NaN NaN NaN NaN NaN NaN NaN NaN NaN NaN NaN NaN NaN NaN NaN NaN NaN NaN NaN NaN NaN NaN NaN NaN NaN NaN NaN NaN NaN NaN NaN NaN NaN NaN NaN NaN NaN NaN NaN NaN NaN NaN NaN NaN NaN NaN NaN NaN NaN NaN NaN NaN NaN NaN NaN NaN NaN NaN NaN NaN NaN NaN NaN NaN NaN NaN NaN NaN NaN NaN NaN NaN NaN NaN NaN NaN NaN NaN NaN NaN NaN NaN NaN 
NaN NaN NaN NaN NaN NaN NaN NaN NaN NaN NaN NaN NaN NaN NaN NaN NaN NaN NaN NaN NaN NaN NaN NaN NaN NaN NaN NaN NaN NaN NaN NaN NaN NaN NaN NaN NaN NaN NaN NaN NaN NaN NaN NaN NaN NaN NaN NaN NaN NaN NaN NaN NaN NaN NaN NaN NaN NaN NaN NaN NaN NaN NaN NaN NaN NaN NaN NaN NaN NaN NaN NaN NaN NaN NaN NaN NaN NaN NaN NaN NaN NaN NaN NaN NaN NaN NaN NaN NaN NaN NaN NaN NaN NaN NaN NaN NaN NaN NaN NaN NaN NaN NaN NaN NaN NaN NaN NaN 
NaN NaN NaN NaN NaN NaN NaN NaN NaN NaN NaN NaN NaN NaN NaN NaN NaN NaN NaN NaN NaN NaN NaN NaN NaN NaN NaN NaN NaN NaN NaN NaN NaN NaN NaN NaN NaN NaN NaN NaN NaN NaN NaN NaN NaN NaN NaN NaN NaN NaN NaN NaN NaN NaN NaN NaN NaN NaN NaN NaN NaN NaN NaN NaN NaN NaN NaN NaN NaN NaN NaN NaN NaN NaN NaN NaN NaN NaN NaN NaN NaN NaN NaN NaN NaN NaN NaN NaN NaN NaN NaN NaN NaN NaN NaN NaN NaN NaN NaN NaN NaN NaN NaN NaN NaN NaN NaN NaN 
NaN NaN NaN NaN NaN NaN NaN NaN NaN NaN NaN NaN NaN NaN NaN NaN NaN NaN NaN NaN NaN NaN NaN NaN NaN NaN NaN NaN NaN NaN NaN NaN NaN NaN NaN NaN NaN NaN NaN NaN NaN NaN NaN NaN NaN NaN NaN NaN NaN NaN NaN NaN NaN NaN NaN NaN NaN NaN NaN NaN NaN NaN NaN NaN NaN NaN NaN NaN NaN NaN NaN NaN NaN NaN NaN NaN NaN NaN NaN NaN NaN NaN NaN NaN NaN NaN NaN NaN NaN NaN NaN NaN NaN NaN NaN NaN NaN NaN NaN NaN NaN NaN NaN NaN NaN NaN NaN NaN 
NaN NaN NaN NaN NaN NaN NaN NaN NaN NaN NaN NaN NaN NaN NaN NaN NaN NaN NaN NaN NaN NaN NaN NaN NaN NaN NaN NaN NaN NaN NaN NaN NaN NaN NaN NaN NaN NaN NaN NaN NaN NaN NaN NaN NaN NaN NaN NaN NaN NaN NaN NaN NaN NaN NaN NaN NaN NaN NaN NaN NaN NaN NaN NaN NaN NaN NaN NaN NaN NaN NaN NaN NaN NaN NaN NaN NaN NaN NaN NaN NaN NaN NaN NaN NaN NaN NaN NaN NaN NaN NaN NaN NaN NaN NaN NaN NaN NaN NaN NaN NaN NaN NaN NaN NaN NaN NaN NaN 
NaN NaN NaN NaN NaN NaN NaN NaN NaN NaN NaN NaN NaN NaN NaN NaN NaN NaN NaN NaN NaN NaN NaN NaN NaN NaN NaN NaN NaN NaN NaN NaN NaN NaN NaN NaN NaN NaN NaN NaN NaN NaN NaN NaN NaN NaN NaN NaN NaN NaN NaN NaN NaN NaN NaN NaN NaN NaN NaN NaN NaN NaN NaN NaN NaN NaN NaN NaN NaN NaN NaN NaN NaN NaN NaN NaN NaN NaN NaN NaN NaN NaN NaN NaN NaN NaN NaN NaN NaN NaN NaN NaN NaN NaN NaN NaN NaN NaN NaN NaN NaN NaN NaN NaN NaN NaN NaN NaN 
NaN NaN NaN NaN NaN NaN NaN NaN NaN NaN NaN NaN NaN NaN NaN NaN NaN NaN NaN 1.0 0.471727 -0.08441514 0.019336348 -0.20015201 -0.17670411 0.4464637 0.7832354 0.7499622 0.7715231 0.6799863 0.627708 -0.46438175 0.06943011 0.6273478 0.15929696 -0.49445835 -0.10106173 0.6899256 0.74422836 0.04900437 0.40450668 0.64704007 0.58457595 0.69683653 0.68086916 0.051720068 0.44099665 0.45416394 0.5644511 0.42165413 -0.6442965 -0.5451213 -0.4348722 -0.57317597 -0.14645582 -0.6390466 -0.06312813 0.06656018 -0.2160412 -0.5966462 -0.06531567 -0.42613867 0.0870573 0.36986527 -0.6563189 -0.58541054 -0.30322173 -0.542191 -0.46424204 -0.44056615 -0.41125327 -0.424549 -0.30361325 -0.4330224 -0.4436204 -0.47095823 -0.5084095 -0.5912428 -0.35089204 0.2683909 0.41013694 -0.29839417 0.35092556 0.41901645 0.5267028 0.56516117 0.507792 0.51781625 0.084502615 -0.6145957 -0.66820097 -0.7345679 -0.70552367 -0.74003863 -0.62681466 -0.61988693 -0.6475757 0.029048698 0.43543255 0.2391588 -0.65923065 -0.047890585 -0.6353044 -0.62427217 -0.5487861 -0.5334107 -0.54439944 -0.5503152 
NaN NaN NaN NaN NaN NaN NaN NaN NaN NaN NaN NaN NaN NaN NaN NaN NaN NaN NaN 0.471727 1.0 0.7071326 0.7253967 0.43546298 0.53599215 0.857785 0.44403863 0.3663749 0.3486863 0.4193597 0.5120547 0.34910807 0.6617607 0.5461183 0.68548805 0.1579879 0.5567744 0.4117054 0.32678813 0.34571177 0.21417221 0.17852923 0.14190784 0.1289296 0.17346637 0.20299922 0.18448347 0.15996018 0.18005472 0.2787193 -0.09323111 0.018387696 0.075642094 0.023009676 0.2570639 -0.07526564 0.261809 0.2439624 0.20504265 -0.13526094 0.017691407 -0.17536674 0.08303236 0.23237957 -0.24560714 -0.17960733 -0.13829595 -0.36023998 -0.3661673 -0.31085172 -0.24323812 -0.36516312 -0.33816117 -0.31748062 -0.19050226 -0.21929967 -0.1576026 -0.096600264 0.20078835 0.21631008 0.13310437 -0.027987212 0.13753143 0.08623071 0.11546567 0.12734458 0.11177749 0.13424322 0.098885134 -0.27237475 -0.28179944 -0.37199917 -0.45643914 -0.45376173 -0.30167988 -0.2603186 -0.26769045 -0.0378455 -0.026119724 -0.043164544 -0.3487547 -0.16856891 -0.38580787 -0.47312218 -0.42946222 -0.40717638 -0.47897112 -0.41868383 
NaN NaN NaN NaN NaN NaN NaN NaN NaN NaN NaN NaN NaN NaN NaN NaN NaN NaN NaN -0.08441514 0.7071326 1.0 0.92902374 0.9097079 0.95404696 0.49732494 -0.16640155 -0.23176096 -0.25052756 -0.20952603 -0.11239542 0.7862639 0.5441727 -0.019099452 0.53289676 0.7382846 0.52762926 -0.2135603 -0.29010746 0.10095006 -0.26017103 -0.42574838 -0.43479565 -0.46353602 -0.4135154 -0.10331305 -0.35933393 -0.36985135 -0.40153283 -0.29021758 0.49278817 0.5008587 0.3997696 0.43379545 0.2642368 0.5335302 0.18291745 -0.06953003 0.09167406 0.25317606 -0.21240139 -0.047141034 -0.27267274 -0.30557173 0.37456906 0.4436604 0.1839424 0.19893792 0.2526055 0.31261116 0.35884687 0.23609562 0.17832085 0.3095278 0.4622449 0.43698505 0.4719055 0.51933664 0.32886204 -0.2780053 -0.42244542 -0.18408626 -0.39009637 -0.45495522 -0.4538431 -0.44341037 -0.45197374 -0.4369578 -0.3662562 -0.177009 -0.083048284 0.08530114 0.037857015 0.06243733 -0.0018784448 0.025556888 0.009616316 -0.34692594 -0.5145965 -0.4522646 -0.101139955 -0.39581367 -0.0780814 -0.06854696 -0.11010197 -0.058919992 -0.103996314 -0.0945443 
NaN NaN NaN NaN NaN NaN NaN NaN NaN NaN NaN NaN NaN NaN NaN NaN NaN NaN NaN 0.019336348 0.7253967 0.92902374 1.0 0.8532003 0.90710443 0.60176635 -0.029623415 -0.09995974 -0.12899213 -0.08121645 0.02624364 0.6577162 0.62630916 0.17732844 0.6343329 0.5995702 0.55223197 -0.08769837 -0.17487927 0.076813936 -0.20638232 -0.32523212 -0.36934382 -0.38683227 -0.33009785 -0.13420558 -0.2430686 -0.22871225 -0.26451558 -0.1474038 0.33196965 0.5104562 0.47224095 0.42550206 0.42698246 0.4096969 0.34234986 0.09354532 0.12958305 0.17345583 -0.10531784 -0.085865855 -0.18386063 -0.16229428 0.21614575 0.41057688 0.33267316 0.12608904 0.171312 0.2591125 0.37422237 0.15497266 0.17096855 0.21082678 0.37409657 0.3223506 0.43535945 0.44143158 0.3464092 -0.17607203 -0.3322496 -0.23065914 -0.30693007 -0.37648037 -0.3842045 -0.37512663 -0.3894976 -0.36778173 -0.32297078 -0.27094868 -0.1672238 -0.05152646 -0.04131136 -0.07751392 -0.025479382 -0.028746048 -0.06596697 -0.40808767 -0.48892152 -0.45202667 -0.19726284 -0.35951057 -0.19468865 -0.19111884 -0.16691013 -0.14570354 -0.19721657 -0.2260986 
NaN NaN NaN NaN NaN NaN NaN NaN NaN NaN NaN NaN NaN NaN NaN NaN NaN NaN NaN -0.20015201 0.43546298 0.9097079 0.8532003 1.0 0.9824956 0.22951537 -0.32412708 -0.36895576 -0.38241705 -0.39272588 -0.34174106 0.72153693 0.30474955 -0.23173156 0.30892292 0.8143838 0.30274242 -0.4053299 -0.43749848 -0.10399349 -0.41471916 -0.5469003 -0.55821425 -0.559078 -0.51661104 -0.28785506 -0.52041847 -0.51316756 -0.54113317 -0.4924879 0.5791446 0.54865617 0.40108058 0.45010257 0.17740281 0.6326665 0.053048305 -0.23922576 -0.0759936 0.2805157 -0.3187317 -0.095714025 -0.43360704 -0.49081343 0.4981376 0.6016293 0.27764556 0.37685275 0.49969995 0.5675669 0.6061207 0.48791015 0.41982064 0.56822336 0.71682465 0.68141645 0.6646996 0.64648044 0.17262833 -0.49624547 -0.5819787 -0.37119955 -0.5628783 -0.5921563 -0.5771317 -0.5623965 -0.57366717 -0.55847263 -0.5684561 -0.26880494 -0.14489508 0.16973868 0.196586 0.2097215 0.060309038 0.04739873 0.018621713 -0.48613986 -0.5922381 -0.5611451 -0.07078287 -0.4473653 -0.007501184 0.08216792 0.03196135 0.09090336 0.07803456 0.04206211 
NaN NaN NaN NaN NaN NaN NaN NaN NaN NaN NaN NaN NaN NaN NaN NaN NaN NaN NaN -0.17670411 0.53599215 0.95404696 0.90710443 0.9824956 1.0 0.35958222 -0.26336378 -0.31959975 -0.3405294 -0.33105263 -0.25612023 0.7607184 0.41458768 -0.14973864 0.40864712 0.79403126 0.40582475 -0.3442057 -0.39724308 -0.017128587 -0.36434007 -0.5178717 -0.5270816 -0.54470086 -0.4978346 -0.21351074 -0.46752435 -0.46770304 -0.5001491 -0.41843608 0.55742055 0.55196524 0.4250278 0.46895325 0.23242229 0.60751605 0.12265372 -0.15991813 0.0069164946 0.27880797 -0.27219823 -0.07361648 -0.37009594 -0.4217489 0.4610932 0.56076115 0.26561773 0.31408072 0.4044979 0.47390887 0.52761436 0.3908885 0.33050132 0.46961033 0.6250352 0.58955 0.6053656 0.61688524 0.25811943 -0.4158424 -0.5347442 -0.29203784 -0.50718474 -0.5580755 -0.55370116 -0.54236 -0.5516426 -0.53735304 -0.5018728 -0.23414455 -0.11751668 0.13811351 0.13471213 0.15392756 0.04512838 0.050680615 0.034505256 -0.42878106 -0.5783075 -0.52189314 -0.054289084 -0.4187313 -0.017039603 0.029890101 -0.012505692 0.041234728 0.014212225 0.0029139868 
NaN NaN NaN NaN NaN NaN NaN NaN NaN NaN NaN NaN NaN NaN NaN NaN NaN NaN NaN 0.4464637 0.857785 0.49732494 0.60176635 0.22951537 0.35958222 1.0 0.6547227 0.57364655 0.5121673 0.5932202 0.69613475 0.21798678 0.7451525 0.7227183 0.7200782 -0.042658243 0.5869453 0.5331756 0.43519408 0.43478024 0.36844292 0.3463026 0.29691318 0.25256738 0.27935234 0.30999824 0.3985689 0.37969208 0.3779628 0.5050842 -0.25391594 -0.029257156 0.123600185 0.029376417 0.39319387 -0.22420058 0.4368987 0.49908698 0.38908786 -0.11023261 0.3057619 -0.007903845 0.36679196 0.51058346 -0.3711328 -0.28483137 -0.061121807 -0.43474936 -0.519498 -0.46815395 -0.3857052 -0.53056717 -0.4636542 -0.50861436 -0.40803775 -0.44098982 -0.32800168 -0.27116254 0.21589972 0.40419957 0.30122975 0.10952873 0.33384046 0.24702999 0.21347626 0.20420472 0.19627698 0.21046096 0.21820441 -0.25973055 -0.3080179 -0.5152068 -0.58756703 -0.6014637 -0.37966597 -0.3366572 -0.32203668 0.022482403 0.07982575 0.09143893 -0.34745815 -0.0445527 -0.46621206 -0.5993947 -0.5346474 -0.5522686 -0.6165157 -0.54259884 
NaN NaN NaN NaN NaN NaN NaN NaN NaN NaN NaN NaN NaN NaN NaN NaN NaN NaN NaN 0.7832354 0.44403863 -0.16640155 -0.029623415 -0.32412708 -0.26336378 0.6547227 1.0 0.98115194 0.946495 0.912818 0.87140393 -0.4481994 0.24527636 0.8060642 0.24217483 -0.5957671 0.042170126 0.79820997 0.8155219 0.27880332 0.61074334 0.8079169 0.72666776 0.75456727 0.73842937 0.2773022 0.6726286 0.67241466 0.75084233 0.6950683 -0.71494955 -0.5611201 -0.35857272 -0.48401615 0.049050823 -0.71018076 0.16008295 0.4227679 0.1518229 -0.46497953 0.3621342 -0.14485355 0.4817931 0.7336971 -0.7396885 -0.70581466 -0.33611494 -0.66580135 -0.69699854 -0.67864484 -0.65597034 -0.6817424 -0.58714527 -0.69388264 -0.68491536 -0.7068839 -0.7176125 -0.7422708 -0.29590333 0.4847641 0.60035473 -0.026315786 0.59727556 0.605984 0.61522305 0.6078899 0.5886954 0.60570675 0.32663873 -0.4418918 -0.55825573 -0.7536106 -0.7667376 -0.7940152 -0.6054285 -0.5911997 -0.582012 0.1501041 0.527118 0.38367876 -0.52937835 0.113274485 -0.59500057 -0.66140664 -0.5893081 -0.5936899 -0.6294371 -0.5908823 
NaN NaN NaN NaN NaN NaN NaN NaN NaN NaN NaN NaN NaN NaN NaN NaN NaN NaN NaN 0.7499622 0.3663749 -0.23176096 -0.09995974 -0.36895576 -0.31959975 0.57364655 0.98115194 1.0 0.98222536 0.9453181 0.87991595 -0.47548488 0.21001422 0.7808866 0.1812462 -0.61752886 -0.014500543 0.7667704 0.7951429 0.2702026 0.6308988 0.8151042 0.7353275 0.74987274 0.7309728 0.27425367 0.66291994 0.6653013 0.7462222 0.6848465 -0.7177935 -0.57801914 -0.37140357 -0.4956 0.027425835 -0.7173667 0.14372836 0.41360766 0.14500622 -0.4427345 0.39278165 -0.10382149 0.5086841 0.74173254 -0.7277317 -0.7064446 -0.335923 -0.6395466 -0.6746154 -0.66398335 -0.6531595 -0.65887326 -0.5677308 -0.6770961 -0.68085784 -0.69870365 -0.72548294 -0.75692755 -0.34646544 0.45857993 0.5914455 -0.034140404 0.5961048 0.60932255 0.611222 0.5974779 0.5791841 0.597656 0.3176245 -0.43754202 -0.5623652 -0.74988115 -0.76081 -0.7831857 -0.61920637 -0.6110363 -0.6010153 0.12729654 0.51707435 0.3812636 -0.5290018 0.11246944 -0.5908655 -0.64768517 -0.5834696 -0.5844293 -0.6138999 -0.58377004 
NaN NaN NaN NaN NaN NaN NaN NaN NaN NaN NaN NaN NaN NaN NaN NaN NaN NaN NaN 0.7715231 0.3486863 -0.25052756 -0.12899213 -0.38241705 -0.3405294 0.5121673 0.946495 0.98222536 1.0 0.96025217 0.8805989 -0.4888078 0.18455379 0.75980306 0.14475863 -0.6268306 -0.056331366 0.75493544 0.79479986 0.23906326 0.60840434 0.80689204 0.73155946 0.76147366 0.7483937 0.2672337 0.65546584 0.6517486 0.73745185 0.6602715 -0.7241293 -0.59994465 -0.40261957 -0.53064996 -0.01737209 -0.7283762 0.102286376 0.36752778 0.101297915 -0.47406366 0.34238836 -0.14617145 0.46193638 0.71161234 -0.7341965 -0.7166736 -0.36013427 -0.6500516 -0.668753 -0.65905625 -0.6514767 -0.65036273 -0.5624571 -0.67026734 -0.67610085 -0.6926916 -0.72696865 -0.7587072 -0.36400217 0.44614777 0.5873856 -0.052131068 0.58794427 0.6127112 0.6273886 0.6202487 0.59710264 0.6190433 0.3191876 -0.43937162 -0.5582696 -0.74082506 -0.7537113 -0.77373964 -0.6104438 -0.6014794 -0.59385985 0.15195097 0.5500894 0.41833407 -0.51841825 0.15026377 -0.57444084 -0.6298414 -0.5584084 -0.56469476 -0.589888 -0.5593962 
NaN NaN NaN NaN NaN NaN NaN NaN NaN NaN NaN NaN NaN NaN NaN NaN NaN NaN NaN 0.6799863 0.4193597 -0.20952603 -0.08121645 -0.39272588 -0.33105263 0.5932202 0.912818 0.9453181 0.96025217 1.0 0.9588137 -0.41751033 0.33016273 0.8374337 0.26105613 -0.63137656 0.079247 0.78210056 0.784139 0.34132233 0.6570418 0.8137846 0.74776155 0.75324523 0.7491868 0.37768218 0.7397203 0.72897726 0.7865768 0.7700469 -0.72957706 -0.5526065 -0.3206821 -0.45276135 0.10610535 -0.7301088 0.22826503 0.5161358 0.24554196 -0.40164503 0.48042727 -0.03241763 0.58954966 0.8158083 -0.7570737 -0.7373621 -0.3393858 -0.68709517 -0.7562443 -0.74617076 -0.72766846 -0.7439888 -0.6504288 -0.7697444 -0.7666486 -0.78485364 -0.78440964 -0.7935336 -0.27233118 0.56187266 0.66359985 0.09121447 0.6738238 0.68307114 0.67331976 0.65737987 0.6445927 0.6668867 0.46359065 -0.32743385 -0.4833993 -0.7582406 -0.79233295 -0.8133453 -0.58739835 -0.5754375 -0.558643 0.19567078 0.5541518 0.44427446 -0.4938773 0.1966884 -0.59621215 -0.69494003 -0.6062512 -0.62939394 -0.65902597 -0.60836655 
NaN NaN NaN NaN NaN NaN NaN NaN NaN NaN NaN NaN NaN NaN NaN NaN NaN NaN NaN 0.627708 0.5120547 -0.11239542 0.02624364 -0.34174106 -0.25612023 0.69613475 0.87140393 0.87991595 0.8805989 0.9588137 1.0 -0.28053686 0.5139379 0.90741736 0.4137376 -0.56452256 0.25061074 0.79831254 0.7651711 0.42885393 0.66604704 0.7697372 0.70527244 0.6879189 0.6897054 0.41123915 0.75415576 0.74651074 0.7787224 0.81406784 -0.68939465 -0.4528153 -0.20658736 -0.35603032 0.22552347 -0.680612 0.34346715 0.60025907 0.33144993 -0.3527565 0.5129946 0.0015914446 0.6230047 0.8325783 -0.73780847 -0.70091563 -0.2915133 -0.7057176 -0.79218614 -0.7721748 -0.72945035 -0.78394026 -0.68335265 -0.8106648 -0.7901093 -0.810845 -0.7670632 -0.7520321 -0.15167233 0.6016073 0.6405721 0.15183882 0.6590384 0.648041 0.63406694 0.6275588 0.62269855 0.64203566 0.5183097 -0.2614277 -0.40716037 -0.73690975 -0.7891629 -0.8185654 -0.54272205 -0.5256136 -0.50067276 0.20673127 0.5002719 0.42315274 -0.45355797 0.21101063 -0.58425003 -0.7182841 -0.60938483 -0.6475988 -0.6898066 -0.63149494 
NaN NaN NaN NaN NaN NaN NaN NaN NaN NaN NaN NaN NaN NaN NaN NaN NaN NaN NaN -0.46438175 0.34910807 0.7862639 0.6577162 0.72153693 0.7607184 0.21798678 -0.4481994 -0.47548488 -0.4888078 -0.41751033 -0.28053686 1.0 0.55972826 -0.24193032 0.39934134 0.8655497 0.543942 -0.4467398 -0.5302272 0.18783334 -0.29240268 -0.5908736 -0.5416386 -0.65289354 -0.62343824 -0.05224987 -0.44389257 -0.46301657 -0.53785235 -0.38138235 0.77506524 0.7191102 0.59548473 0.6939622 0.32765087 0.7909296 0.25567678 -0.03450035 0.2973695 0.63017213 -0.065456845 0.31329322 -0.14017297 -0.34834957 0.7076186 0.6569648 0.31816962 0.46439523 0.42682597 0.4401205 0.41921917 0.37608737 0.2530826 0.41457638 0.5006998 0.5273713 0.56889343 0.67674947 0.45346066 -0.34882617 -0.5603711 0.016925642 -0.48152557 -0.5657395 -0.6123705 -0.6171198 -0.6088791 -0.60593444 -0.34854633 0.16211712 0.24450652 0.39385778 0.29054812 0.3647011 0.17318921 0.21463014 0.2412804 -0.31528443 -0.65712607 -0.5000708 0.18420556 -0.37574932 0.1946038 0.19864146 0.05918359 0.09638359 0.05004763 0.0610857 
NaN NaN NaN NaN NaN NaN NaN NaN NaN NaN NaN NaN NaN NaN NaN NaN NaN NaN NaN 0.06943011 0.6617607 0.5441727 0.62630916 0.30474955 0.41458768 0.7451525 0.24527636 0.21001422 0.18455379 0.33016273 0.5139379 0.55972826 1.0 0.61632144 0.81067127 0.24493374 0.78743255 0.28568363 0.150307 0.4550654 0.24073075 0.068002686 0.038856905 -0.060326286 -0.038888752 0.20638146 0.2689234 0.2800039 0.2098768 0.39875525 0.07979676 0.3952327 0.5445638 0.45186618 0.688443 0.13869926 0.70500547 0.60236186 0.5816369 0.29432058 0.43500513 0.31635317 0.4120802 0.3776339 -0.037943833 0.07314438 0.24287602 -0.11935758 -0.25292897 -0.21027887 -0.13817045 -0.28872868 -0.25319624 -0.3035424 -0.22321735 -0.2369952 -0.085953936 -0.017455827 0.3159488 0.17789845 -0.023113837 0.090934664 0.044785284 -0.05101854 -0.11323651 -0.11313857 -0.09506921 -0.07321537 0.1220593 -0.059088103 -0.07839123 -0.27118477 -0.34572235 -0.3587584 -0.18940222 -0.1635239 -0.14149974 -0.15171362 -0.22885169 -0.12981494 -0.19746882 -0.12259184 -0.32771662 -0.44755125 -0.4115719 -0.44582132 -0.51027304 -0.48676518 
NaN NaN NaN NaN NaN NaN NaN NaN NaN NaN NaN NaN NaN NaN NaN NaN NaN NaN NaN 0.6273478 0.5461183 -0.019099452 0.17732844 -0.23173156 -0.14973864 0.7227183 0.8060642 0.7808866 0.75980306 0.8374337 0.90741736 -0.24193032 0.61632144 1.0 0.59010977 -0.45739052 0.41889802 0.8435433 0.77997905 0.3849179 0.5897218 0.7119734 0.6093771 0.61927354 0.61321276 0.25437662 0.7584475 0.7948799 0.8048726 0.8403994 -0.6264004 -0.25747246 0.0030065146 -0.18359162 0.44525933 -0.57475126 0.54447174 0.7043684 0.38690135 -0.2992842 0.5301346 0.005068361 0.5895494 0.78565353 -0.7016039 -0.5724719 -0.1303057 -0.65309346 -0.7079644 -0.6712758 -0.5898906 -0.7107547 -0.57698584 -0.7357994 -0.7002992 -0.73439133 -0.64471817 -0.6574906 -0.107841775 0.506794 0.5016873 0.005303796 0.50911164 0.49087575 0.4771903 0.48761842 0.4935189 0.526399 0.41521817 -0.33641586 -0.43618825 -0.73734844 -0.75253195 -0.81842846 -0.4973676 -0.48896232 -0.49098635 0.06801045 0.367381 0.27394757 -0.50641274 0.12157417 -0.6351091 -0.7524639 -0.61845094 -0.66950905 -0.7160669 -0.6948308 
NaN NaN NaN NaN NaN NaN NaN NaN NaN NaN NaN NaN NaN NaN NaN NaN NaN NaN NaN 0.15929696 0.68548805 0.53289676 0.6343329 0.30892292 0.40864712 0.7200782 0.24217483 0.1812462 0.14475863 0.26105613 0.4137376 0.39934134 0.81067127 0.59010977 1.0 0.27693442 0.90294474 0.42953277 0.27549607 0.47593158 0.2460232 0.1060285 0.04880352 -0.012556997 -0.0016690688 0.113365866 0.3073585 0.33066347 0.26282796 0.42193404 0.03636032 0.36980847 0.5223387 0.3908804 0.66914314 0.08674358 0.65356755 0.53283244 0.44184825 0.12974952 0.28132415 0.11642144 0.26676375 0.29637957 -0.1390166 0.0053046555 0.17521946 -0.21679506 -0.28414947 -0.23609889 -0.13642213 -0.31319275 -0.24831907 -0.30894643 -0.21348698 -0.23525175 -0.0669314 -0.0036592465 0.34591198 0.192412 -0.0084627485 0.022602353 0.028257491 -0.062393103 -0.10497565 -0.09762126 -0.080130264 -0.05204321 0.113342725 -0.11571614 -0.11541339 -0.2939776 -0.34774128 -0.37523913 -0.14723466 -0.12572238 -0.12541531 -0.10524648 -0.1741044 -0.083544604 -0.19253683 -0.063519016 -0.31485388 -0.4429591 -0.3555636 -0.39892104 -0.46361876 -0.42123288 
NaN NaN NaN NaN NaN NaN NaN NaN NaN NaN NaN NaN NaN NaN NaN NaN NaN NaN NaN -0.49445835 0.1579879 0.7382846 0.5995702 0.8143838 0.79403126 -0.042658243 -0.5957671 -0.61752886 -0.6268306 -0.63137656 -0.56452256 0.8655497 0.24493374 -0.45739052 0.27693442 1.0 0.40046442 -0.56741816 -0.61238533 0.013281506 -0.44798163 -0.70447755 -0.6720702 -0.73064494 -0.70933545 -0.27570564 -0.61077935 -0.61340207 -0.67336875 -0.59521556 0.87276113 0.7518963 0.57075614 0.6824639 0.2090771 0.8902224 0.08784579 -0.26481047 0.0621737 0.5740385 -0.28153658 0.15662757 -0.3969898 -0.59663635 0.7932708 0.77474564 0.33019274 0.5910781 0.6565923 0.6727257 0.6449383 0.61138463 0.4755675 0.66844267 0.7551879 0.77609867 0.76541513 0.81659657 0.31691125 -0.58040684 -0.731029 -0.20914249 -0.6771654 -0.72502416 -0.7374291 -0.7317394 -0.7275417 -0.7228087 -0.56931067 0.048057247 0.1802518 0.49392503 0.45331272 0.52265996 0.25162226 0.2676419 0.26514044 -0.42092666 -0.7214086 -0.6024044 0.20692505 -0.4472389 0.27732813 0.36414203 0.21742387 0.27717698 0.24543267 0.22757082 
NaN NaN NaN NaN NaN NaN NaN NaN NaN NaN NaN NaN NaN NaN NaN NaN NaN NaN NaN -0.10106173 0.5567744 0.52762926 0.55223197 0.30274242 0.40582475 0.5869453 0.042170126 -0.014500543 -0.056331366 0.079247 0.25061074 0.543942 0.78743255 0.41889802 0.90294474 0.40046442 1.0 0.31461787 0.15625525 0.6102907 0.2594039 0.01073789 -0.019162735 -0.1467034 -0.15667932 0.12601347 0.22338057 0.23709959 0.14922658 0.33814606 0.23687546 0.47112608 0.582625 0.53042644 0.6563679 0.26340646 0.63120174 0.50742096 0.5535388 0.3109421 0.32311788 0.28765056 0.288855 0.21701999 0.059378635 0.09466223 0.107751206 -0.13520905 -0.21835867 -0.19497214 -0.14098348 -0.269669 -0.2714113 -0.25028738 -0.15347496 -0.15035118 -0.0045260987 0.11696594 0.43460977 0.13932365 -0.10305703 0.15836819 -0.028664444 -0.1408043 -0.21910033 -0.22608352 -0.18983246 -0.17039125 0.10683826 0.08851881 0.11626244 -0.059961226 -0.17155354 -0.15567322 0.0034168218 0.049515393 0.07186399 -0.040910024 -0.23715614 -0.109802306 0.019387431 -0.054240678 -0.102258384 -0.2408837 -0.21154585 -0.24424082 -0.30858284 -0.24292052 
NaN NaN NaN NaN NaN NaN NaN NaN NaN NaN NaN NaN NaN NaN NaN NaN NaN NaN NaN 0.6899256 0.4117054 -0.2135603 -0.08769837 -0.4053299 -0.3442057 0.5331756 0.79820997 0.7667704 0.75493544 0.78210056 0.79831254 -0.4467398 0.28568363 0.8435433 0.42953277 -0.56741816 0.31461787 1.0 0.97781473 0.4731229 0.7299213 0.87201345 0.787948 0.792729 0.74952966 0.26924306 0.8046481 0.821696 0.8714452 0.82792854 -0.69679606 -0.47752818 -0.24332353 -0.3900494 0.17898552 -0.69819707 0.26214376 0.51418805 0.22951844 -0.4596749 0.38588032 -0.13857579 0.48458096 0.7174207 -0.77654797 -0.7516794 -0.40431395 -0.76334435 -0.784513 -0.77367616 -0.74205613 -0.78076047 -0.6818545 -0.7917519 -0.7747507 -0.79104596 -0.7680827 -0.757239 -0.22071849 0.5319685 0.6000701 0.05419724 0.5915713 0.60614717 0.62123966 0.62718076 0.63120973 0.65635806 0.46794814 -0.297367 -0.40267318 -0.6897386 -0.7273464 -0.75652254 -0.475686 -0.458304 -0.44521374 0.2835474 0.6205859 0.49668688 -0.4047661 0.2790022 -0.50987357 -0.6300035 -0.5073394 -0.5501416 -0.5871734 -0.5139496 
NaN NaN NaN NaN NaN NaN NaN NaN NaN NaN NaN NaN NaN NaN NaN NaN NaN NaN NaN 0.74422836 0.32678813 -0.29010746 -0.17487927 -0.43749848 -0.39724308 0.43519408 0.8155219 0.7951429 0.79479986 0.784139 0.7651711 -0.5302272 0.150307 0.77997905 0.27549607 -0.61238533 0.15625525 0.97781473 1.0 0.42260134 0.74419755 0.9112116 0.83227766 0.84679776 0.79566807 0.22261553 0.7619632 0.7784898 0.85763586 0.7638949 -0.73288554 -0.56881225 -0.3592072 -0.493763 0.04561051 -0.7418243 0.1302719 0.40170237 0.11743776 -0.5218236 0.31765527 -0.19895834 0.42387307 0.67633814 -0.78227365 -0.7729042 -0.4453978 -0.7431774 -0.7426997 -0.73762673 -0.72308874 -0.7310542 -0.63803226 -0.7426738 -0.7399635 -0.7540475 -0.76703674 -0.7791697 -0.3224869 0.488764 0.60948515 -0.00854132 0.5887694 0.63354117 0.6712496 0.68099535 0.6773064 0.69812125 0.4166436 -0.35942942 -0.4686883 -0.7069602 -0.72724533 -0.75227237 -0.5210658 -0.5126379 -0.5041658 0.26153553 0.67405576 0.50735 -0.45143604 0.2555821 -0.5276022 -0.6133908 -0.50768375 -0.5379948 -0.5648033 -0.50133765 
NaN NaN NaN NaN NaN NaN NaN NaN NaN NaN NaN NaN NaN NaN NaN NaN NaN NaN NaN 0.04900437 0.34571177 0.10095006 0.076813936 -0.10399349 -0.017128587 0.43478024 0.27880332 0.2702026 0.23906326 0.34132233 0.42885393 0.18783334 0.4550654 0.3849179 0.47593158 0.013281506 0.6102907 0.4731229 0.42260134 1.0 0.8133364 0.43876204 0.44795936 0.18951896 0.10344598 0.15138796 0.24802732 0.26382414 0.27999526 0.4041446 -0.09106099 -0.06494914 0.056533463 0.07112283 0.21060808 -0.12458698 0.24008322 0.35178736 0.39891505 0.0656618 0.34898293 0.22960104 0.38998294 0.3833586 -0.16825598 -0.2815424 -0.23303017 -0.29873428 -0.42884845 -0.44576642 -0.45829636 -0.44925144 -0.46722338 -0.4460608 -0.41757706 -0.39834607 -0.35972574 -0.2513439 0.13881668 0.3104002 0.24146935 0.34233546 0.30033833 0.24199665 0.19186085 0.1699848 0.208577 0.20066267 0.33222762 0.124782786 0.02891233 -0.20296034 -0.33970472 -0.2799684 -0.19302043 -0.15889756 -0.10945085 0.1452976 0.11339045 0.15008976 -0.059769604 0.044737723 -0.17587796 -0.3005912 -0.30846432 -0.3107058 -0.35620055 -0.25116742 
NaN NaN NaN NaN NaN NaN NaN NaN NaN NaN NaN NaN NaN NaN NaN NaN NaN NaN NaN 0.40450668 0.21417221 -0.26017103 -0.20638232 -0.41471916 -0.36434007 0.36844292 0.61074334 0.6308988 0.60840434 0.6570418 0.66604704 -0.29240268 0.24073075 0.5897218 0.2460232 -0.44798163 0.2594039 0.7299213 0.74419755 0.8133364 1.0 0.8197513 0.80455387 0.5920985 0.4846597 0.19271421 0.5131424 0.54915375 0.60695094 0.61086375 -0.5284079 -0.44635057 -0.2491001 -0.29698107 0.05760032 -0.55296487 0.1416389 0.38650784 0.23154345 -0.22017968 0.44713095 0.1273462 0.5319919 0.6244472 -0.52838355 -0.60051024 -0.3252594 -0.47798002 -0.593541 -0.6203082 -0.6342736 -0.5843599 -0.524532 -0.6139119 -0.6430009 -0.6396832 -0.65190196 -0.64819986 -0.22152399 0.4341011 0.5109693 0.19755262 0.5265529 0.53636795 0.52281994 0.50694615 0.53035074 0.5209034 0.41331938 -0.13713199 -0.29501587 -0.56023705 -0.6172991 -0.6006361 -0.4810756 -0.48674962 -0.45948645 0.11560882 0.39101952 0.28058958 -0.39477473 0.0612835 -0.49045 -0.56441754 -0.5338133 -0.5333562 -0.54767925 -0.49008024 
NaN NaN NaN NaN NaN NaN NaN NaN NaN NaN NaN NaN NaN NaN NaN NaN NaN NaN NaN 0.64704007 0.17852923 -0.42574838 -0.32523212 -0.5469003 -0.5178717 0.3463026 0.8079169 0.8151042 0.80689204 0.8137846 0.7697372 -0.5908736 0.068002686 0.7119734 0.1060285 -0.70447755 0.01073789 0.87201345 0.9112116 0.43876204 0.8197513 1.0 0.96560115 0.88945395 0.8024863 0.28137794 0.7682032 0.7860942 0.86007184 0.77021986 -0.7647028 -0.6379853 -0.41912064 -0.51853055 -0.0063666007 -0.78378046 0.10218784 0.43065414 0.1571897 -0.44213438 0.4567905 -0.038201477 0.5547803 0.75252277 -0.76035935 -0.7963473 -0.4367391 -0.6841151 -0.727904 -0.7419026 -0.7553273 -0.7144115 -0.62362003 -0.74186677 -0.7723843 -0.77952105 -0.81862444 -0.8489067 -0.39486024 0.52413535 0.6779651 0.08329732 0.6694548 0.7099039 0.7250213 0.7189548 0.7190662 0.7265067 0.46064502 -0.30986106 -0.47153857 -0.73628443 -0.75428146 -0.765333 -0.58234 -0.5813862 -0.56703794 0.21037553 0.67304265 0.48556328 -0.49662808 0.2090665 -0.5818165 -0.65157753 -0.57593733 -0.59326625 -0.60127455 -0.54880536 
NaN NaN NaN NaN NaN NaN NaN NaN NaN NaN NaN NaN NaN NaN NaN NaN NaN NaN NaN 0.58457595 0.14190784 -0.43479565 -0.36934382 -0.55821425 -0.5270816 0.29691318 0.72666776 0.7353275 0.73155946 0.74776155 0.70527244 -0.5416386 0.038856905 0.6093771 0.04880352 -0.6720702 -0.019162735 0.787948 0.83227766 0.44795936 0.80455387 0.96560115 1.0 0.89458644 0.8068681 0.41015595 0.73578197 0.73219603 0.807059 0.7169196 -0.6908505 -0.620379 -0.41940087 -0.47868374 -0.057717852 -0.7333748 0.05018779 0.37144133 0.16396955 -0.35310617 0.44110563 0.025060168 0.5484037 0.7075371 -0.6831687 -0.75593907 -0.42810813 -0.59613127 -0.684163 -0.712632 -0.7445205 -0.66951954 -0.59062445 -0.70161086 -0.7494388 -0.7456875 -0.79199284 -0.8126182 -0.3820958 0.49090767 0.6478777 0.14603657 0.64711505 0.6872455 0.7053326 0.69856274 0.6993729 0.6997667 0.457017 -0.24727336 -0.41506606 -0.6876718 -0.7241143 -0.70986056 -0.5768557 -0.57231283 -0.54743576 0.22671601 0.6580612 0.4801777 -0.46314538 0.18963793 -0.5495955 -0.61960167 -0.5698504 -0.58316773 -0.58669007 -0.5171077 
NaN NaN NaN NaN NaN NaN NaN NaN NaN NaN NaN NaN NaN NaN NaN NaN NaN NaN NaN 0.69683653 0.1289296 -0.46353602 -0.38683227 -0.559078 -0.54470086 0.25256738 0.75456727 0.74987274 0.76147366 0.75324523 0.6879189 -0.65289354 -0.060326286 0.61927354 -0.012556997 -0.73064494 -0.1467034 0.792729 0.84679776 0.18951896 0.5920985 0.88945395 0.89458644 1.0 0.9746405 0.4580042 0.8243453 0.8047629 0.8812349 0.7258703 -0.7541234 -0.67007715 -0.47929606 -0.5763946 -0.113822415 -0.78961843 -0.010193459 0.3056479 0.046127744 -0.47466263 0.3411228 -0.11992396 0.45916405 0.6730846 -0.7545894 -0.7956606 -0.47169074 -0.6586371 -0.6878344 -0.7051197 -0.731995 -0.6644773 -0.581368 -0.6927149 -0.7370784 -0.73902255 -0.80153763 -0.84023213 -0.45355877 0.46745238 0.6455413 0.012758254 0.6254772 0.69692534 0.74631995 0.75443864 0.74491966 0.75362164 0.42224503 -0.35099646 -0.49901426 -0.73161745 -0.7402367 -0.7421498 -0.5886597 -0.5788531 -0.56205857 0.27100596 0.76392084 0.5622992 -0.48190823 0.26579976 -0.5475452 -0.6072866 -0.5275332 -0.55023754 -0.54775053 -0.48685867 
NaN NaN NaN NaN NaN NaN NaN NaN NaN NaN NaN NaN NaN NaN NaN NaN NaN NaN NaN 0.68086916 0.17346637 -0.4135154 -0.33009785 -0.51661104 -0.4978346 0.27935234 0.73842937 0.7309728 0.7483937 0.7491868 0.6897054 -0.62343824 -0.038888752 0.61321276 -0.0016690688 -0.70933545 -0.15667932 0.74952966 0.79566807 0.10344598 0.4846597 0.8024863 0.8068681 0.9746405 1.0 0.54902226 0.8282012 0.7932827 0.8624995 0.71388745 -0.73394454 -0.6358867 -0.45716664 -0.56589895 -0.10212478 -0.765476 0.0058899513 0.30856392 0.056613687 -0.47370845 0.31578207 -0.15367445 0.43134788 0.66096264 -0.74904317 -0.77248263 -0.4561226 -0.6661573 -0.6961869 -0.70456314 -0.71779805 -0.67810124 -0.5963389 -0.70031166 -0.72702336 -0.7323291 -0.7797904 -0.8056237 -0.40805477 0.47138026 0.63855535 0.014921582 0.6166292 0.68894565 0.7484703 0.76229686 0.74886227 0.76114357 0.44207582 -0.32308397 -0.460285 -0.69552076 -0.7082902 -0.71909744 -0.53656346 -0.52143085 -0.507254 0.30275366 0.7710331 0.5867944 -0.43063837 0.3172469 -0.5008487 -0.57543904 -0.4804451 -0.5149631 -0.51933956 -0.45606515 
NaN NaN NaN NaN NaN NaN NaN NaN NaN NaN NaN NaN NaN NaN NaN NaN NaN NaN NaN 0.051720068 0.20299922 -0.10331305 -0.13420558 -0.28785506 -0.21351074 0.30999824 0.2773022 0.27425367 0.2672337 0.37768218 0.41123915 -0.05224987 0.20638146 0.25437662 0.113365866 -0.27570564 0.12601347 0.26924306 0.22261553 0.15138796 0.19271421 0.28137794 0.41015595 0.4580042 0.54902226 1.0 0.56445765 0.45144296 0.41961884 0.4606856 -0.16803543 -0.17757683 -0.057046555 -0.027690822 0.08341109 -0.24234632 0.17263812 0.34954017 0.4118086 0.10831107 0.4264752 0.27847007 0.47833392 0.4678345 -0.22822067 -0.37132412 -0.26777697 -0.29313463 -0.4848008 -0.5203231 -0.55141723 -0.5028011 -0.5235961 -0.5169503 -0.52185446 -0.49577147 -0.48566315 -0.38399914 0.01644684 0.3470317 0.34209543 0.3757099 0.38595653 0.36231357 0.33989328 0.3259038 0.34114823 0.34456295 0.45680723 0.1903386 0.05880468 -0.2117586 -0.34158215 -0.27681875 -0.18505171 -0.120875165 -0.061245184 0.3486792 0.34985042 0.38402683 0.032507487 0.2630149 -0.080744214 -0.23251718 -0.22254066 -0.25550407 -0.2818352 -0.16386567 
NaN NaN NaN NaN NaN NaN NaN NaN NaN NaN NaN NaN NaN NaN NaN NaN NaN NaN NaN 0.44099665 0.18448347 -0.35933393 -0.2430686 -0.52041847 -0.46752435 0.3985689 0.6726286 0.66291994 0.65546584 0.7397203 0.75415576 -0.44389257 0.2689234 0.7584475 0.3073585 -0.61077935 0.22338057 0.8046481 0.7619632 0.24802732 0.5131424 0.7682032 0.73578197 0.8243453 0.8282012 0.56445765 1.0 0.97915876 0.9428712 0.878482 -0.6353583 -0.39516243 -0.14140503 -0.26825422 0.26635286 -0.6402381 0.3644596 0.6503022 0.40656134 -0.23118985 0.62616545 0.15225296 0.6971894 0.8259561 -0.67426306 -0.69991964 -0.33744723 -0.6705182 -0.7550265 -0.76906586 -0.7670718 -0.7619149 -0.6808897 -0.79116917 -0.80421007 -0.8033079 -0.7799388 -0.75668484 -0.19891088 0.56539243 0.5981753 0.1812127 0.62589294 0.62672323 0.60021096 0.5913702 0.60276246 0.6231823 0.5432064 -0.14902933 -0.29272223 -0.6304434 -0.68041253 -0.68828744 -0.43841183 -0.41022822 -0.38182798 0.290522 0.62097037 0.5297794 -0.30954978 0.34355947 -0.45157117 -0.5830291 -0.48915222 -0.54466045 -0.5649231 -0.49411207 
NaN NaN NaN NaN NaN NaN NaN NaN NaN NaN NaN NaN NaN NaN NaN NaN NaN NaN NaN 0.45416394 0.15996018 -0.36985135 -0.22871225 -0.51316756 -0.46770304 0.37969208 0.67241466 0.6653013 0.6517486 0.72897726 0.74651074 -0.46301657 0.2800039 0.7948799 0.33066347 -0.61340207 0.23709959 0.821696 0.7784898 0.26382414 0.54915375 0.7860942 0.73219603 0.8047629 0.7932827 0.45144296 0.97915876 1.0 0.96537894 0.8985686 -0.64693666 -0.35894704 -0.09976665 -0.24721822 0.31592754 -0.6376662 0.41715652 0.6769099 0.39679357 -0.23602504 0.63992935 0.15294969 0.70663035 0.8316842 -0.6764982 -0.6701056 -0.27426827 -0.65015894 -0.71680677 -0.7237563 -0.7158079 -0.72599256 -0.63102394 -0.76109064 -0.77718145 -0.7828647 -0.75748247 -0.7581612 -0.23876993 0.51414245 0.5477141 0.10234328 0.57018596 0.5736365 0.5492494 0.55016816 0.57140744 0.59573036 0.50273585 -0.19927597 -0.33662972 -0.65774494 -0.6858273 -0.71178263 -0.46306336 -0.44516408 -0.42553473 0.20864879 0.5671062 0.4607487 -0.3652434 0.2918112 -0.49765608 -0.6088726 -0.510518 -0.56344956 -0.5804781 -0.5381276 
