1.0 0.8865688 0.8197073 0.719776 0.37917244 0.20090829 -0.4311974 -0.46699977 -0.4496912 -0.45051178 -0.4187818 -0.48118234 -0.45850685 -0.41137496 -0.39674336 -0.44125232 -0.4705638 -0.40011907 -0.16237998 -0.43917358 -0.3236618 -0.51857346 -0.4965267 -0.39276844 -0.38738492 -0.27536395 -0.3926063 NaN NaN -0.32878286 0.34099096 0.4901609 0.49669492 0.49922448 0.5565671 0.5474475 0.52945596 0.3100388 -0.3330297 0.07585904 -0.14575207 -0.26257366 0.50519645 0.55263615 0.64213014 0.4831612 0.4646081 0.45242992 0.44888642 0.27388734 -0.34791812 -0.5109137 -0.25726572 -0.48089576 -0.41232416 -0.2587446 0.08011609 0.013192939 -0.3667626 -0.40499258 -0.3163041 0.2457052 0.24972397 NaN 
0.8865688 1.0 0.9762464 0.9287081 0.6010268 0.3654815 -0.56538224 -0.6342248 -0.568504 -0.5960304 -0.5078266 -0.6436555 -0.676009 -0.5060298 -0.4480461 -0.50968724 -0.59804887 -0.48482847 -0.06953623 -0.50255316 -0.3429931 -0.74013895 -0.7409122 -0.5778199 -0.59776986 -0.46364534 -0.60679936 NaN NaN -0.56475294 0.45620924 0.71521354 0.7434897 0.7349247 0.77364385 0.7768855 0.77950346 0.45884103 -0.49297452 0.090194635 -0.26191485 -0.45215857 0.67989385 0.76352 0.7970339 0.6874014 0.70473033 0.7065121 0.6908637 0.47044688 -0.4465067 -0.72920823 -0.21132478 -0.70069975 -0.6274123 -0.30556118 0.2715962 0.1834304 -0.5011402 -0.58801013 -0.34965 0.48982656 0.40331277 NaN 
0.8197073 0.9762464 1.0 0.9583717 0.5752208 0.3204365 -0.62469524 -0.682573 -0.6343599 -0.6517107 -0.5731952 -0.68632585 -0.7034695 -0.57369256 -0.50035286 -0.55847275 -0.6472487 -0.5468154 -0.106658034 -0.5496453 -0.39351383 -0.7945278 -0.7850222 -0.6518134 -0.6638895 -0.5454082 -0.6221014 NaN NaN -0.57812965 0.4300924 0.74577314 0.7983396 0.8017984 0.8376648 0.8441024 0.8381392 0.44948012 -0.5411002 0.04086352 -0.30720735 -0.49028754 0.6904674 0.8181957 0.84853715 0.7591858 0.7850183 0.79244053 0.77348274 0.52110106 -0.46654585 -0.7501036 -0.2118556 -0.7176121 -0.63882905 -0.3224101 0.31830147 0.22690998 -0.5111135 -0.58684736 -0.3156347 0.5956443 0.5087737 NaN 
0.719776 0.9287081 0.9583717 1.0 0.630688 0.47436228 -0.59379387 -0.67332083 -0.5814077 -0.6233677 -0.47550198 -0.65134436 -0.7432216 -0.504728 -0.443851 -0.4991063 -0.6240513 -0.5036982 -0.009392954 -0.5523506 -0.3244578 -0.81532013 -0.842116 -0.6694152 -0.7135968 -0.51917535 -0.6700525 NaN NaN -0.65615875 0.47302276 0.73464364 0.8294678 0.83071053 0.8433189 0.8703155 0.85794044 0.47177315 -0.6208424 0.04408533 -0.35773647 -0.57397735 0.7507186 0.8481129 0.8280146 0.72103906 0.76505655 0.8136098 0.8359441 0.5946667 -0.46618998 -0.79988956 -0.043861914 -0.76330924 -0.6870305 -0.3210158 0.38185447 0.27779955 -0.5577076 -0.6518571 -0.3270083 0.6178749 0.49418992 NaN 
0.37917244 0.6010268 0.5752208 0.630688 1.0 0.82934415 -0.0119404 -0.22167686 -0.032241717 -0.1071086 0.0059197326 -0.336776 -0.46961516 0.0025868604 -0.040244218 -0.090833746 -0.19084778 -0.013170046 0.19765192 -0.15731345 -0.075512715 -0.5304965 -0.59861827 -0.37379327 -0.44286406 -0.28140524 -0.5707008 NaN NaN -0.5870202 0.29041246 0.33383 0.29647052 0.25593707 0.25475273 0.28964663 0.3609265 0.402912 -0.26730365 0.2848199 -0.012182575 -0.23775439 0.4706291 0.37957048 0.29016823 0.2217045 0.24544066 0.2861058 0.32524425 0.3728721 -0.18364254 -0.5420664 0.028731972 -0.5624451 -0.54053885 0.028031526 0.37353927 0.34163162 -0.21207084 -0.51230776 -0.1620746 0.24632666 0.10956486 NaN 
0.20090829 0.3654815 0.3204365 0.47436228 0.82934415 1.0 0.22335923 -0.012342639 0.22079983 0.11215904 0.3571731 -0.027340626 -0.31833515 0.28411904 0.176668 0.16429988 0.02867507 0.17426595 0.3352305 -0.068477094 0.13806137 -0.32919794 -0.470653 -0.23977217 -0.36743024 -0.019570284 -0.43106052 NaN NaN -0.5457919 0.2441493 0.09287503 0.1441622 0.113142245 0.086558536 0.14193058 0.16240396 0.2452157 -0.32188463 0.18778643 -0.08981443 -0.31428295 0.35359287 0.20289089 0.07553322 -0.042847652 0.013535198 0.11861187 0.19535212 0.2591636 -0.13270743 -0.43971884 0.36975995 -0.44379276 -0.45272654 -0.013144167 0.24860637 0.22918797 -0.2204935 -0.47583082 -0.17968266 0.09743126 -0.00620357 NaN 
-0.4311974 -0.56538224 -0.62469524 -0.59379387 -0.0119404 0.22335923 1.0 0.92625433 0.9265119 0.9390092 0.87906647 0.8065118 0.7167957 0.76276565 0.72189116 0.78890353 0.8053369 0.59983456 0.017793313 0.35645336 0.19976182 0.5955534 0.5597544 0.32357126 0.3123952 0.38184068 0.61134344 NaN NaN 0.32540125 -0.5258292 -0.81125903 -0.74519384 -0.7212212 -0.7481585 -0.75598663 -0.8022397 -0.57752424 0.3504842 -0.15110944 0.16163513 0.31559828 -0.70805436 -0.8187408 -0.8321911 -0.84310985 -0.79237634 -0.7459479 -0.76796865 -0.6870208 0.15218945 0.5128743 0.10646185 0.5838535 0.4964668 0.1336971 -0.48727575 -0.388534 0.36822546 0.43583298 0.01067392 -0.7191993 -0.5977118 NaN 
-0.46699977 -0.6342248 -0.682573 -0.67332083 -0.22167686 -0.012342639 0.92625433 1.0 0.9434747 0.96796864 0.84455556 0.8298919 0.78748757 0.67066664 0.6875409 0.7322335 0.7722455 0.50507975 -0.07614388 0.3122599 0.12266945 0.63414097 0.62782836 0.31187844 0.33105317 0.34059244 0.7406529 NaN NaN 0.43671182 -0.6203222 -0.8393947 -0.7468176 -0.70516956 -0.72812045 -0.74541545 -0.8117235 -0.6725724 0.37371898 -0.2513458 0.13348693 0.34552297 -0.79640883 -0.84754395 -0.8297119 -0.8177541 -0.7666181 -0.72914284 -0.77292407 -0.7559435 0.12248797 0.5758708 -0.0014488834 0.6715121 0.5972168 0.077105395 -0.5697693 -0.47460884 0.38572896 0.5690886 0.049540598 -0.72060263 -0.5729667 NaN 
-0.4496912 -0.568504 -0.6343599 -0.5814077 -0.032241717 0.22079983 0.9265119 0.9434747 1.0 0.96638495 0.9272091 0.7718734 0.63834697 0.7491695 0.75114477 0.78650665 0.7832225 0.59972626 0.12984446 0.39262575 0.2809413 0.5753224 0.5064971 0.3209207 0.28083295 0.36733428 0.5417085 NaN NaN 0.2419977 -0.52118117 -0.788147 -0.70078874 -0.67875636 -0.7136478 -0.7155937 -0.7660885 -0.565488 0.2900137 -0.16674384 0.10954281 0.24457805 -0.6696427 -0.77025604 -0.7959549 -0.8053923 -0.75219256 -0.69209814 -0.7057249 -0.6340616 0.12937017 0.45146316 0.14053339 0.5166313 0.42878634 0.1120698 -0.4395778 -0.34677476 0.33021426 0.40693688 0.022629641 -0.6563643 -0.54624385 NaN 
-0.45051178 -0.5960304 -0.6517107 -0.6233677 -0.1071086 0.11215904 0.9390092 0.96796864 0.96638495 1.0 0.9018181 0.7581565 0.6716422 0.6762372 0.66825277 0.72185534 0.75803006 0.54869264 0.017729705 0.3579096 0.19949615 0.61061865 0.5731908 0.3169328 0.30759215 0.34749165 0.6353686 NaN NaN 0.33219877 -0.5694318 -0.81075203 -0.7325956 -0.7021266 -0.7279094 -0.7379458 -0.7912073 -0.6078755 0.32802707 -0.20570095 0.12241504 0.29456925 -0.73287785 -0.8089208 -0.8118547 -0.8087859 -0.7609124 -0.714288 -0.73923993 -0.67879385 0.13592622 0.5156674 0.06387847 0.6109795 0.52786857 0.1178782 -0.48130664 -0.38271165 0.38586843 0.5025134 0.06266845 -0.6855675 -0.562926 NaN 
-0.4187818 -0.5078266 -0.5731952 -0.47550198 0.0059197326 0.3571731 0.87906647 0.84455556 0.9272091 0.9018181 1.0 0.7658944 0.5476495 0.7766251 0.7128125 0.77185744 0.7388687 0.6053751 0.2346091 0.35455883 0.34488893 0.527495 0.42295912 0.2780297 0.20667645 0.412978 0.47911507 NaN NaN 0.1345138 -0.4330227 -0.73026377 -0.60478514 -0.5834224 -0.6251238 -0.61274606 -0.68239 -0.5409136 0.12511055 -0.19976549 -0.007504628 0.09377294 -0.56696504 -0.6752878 -0.72463644 -0.7665605 -0.68036073 -0.58505154 -0.58426476 -0.5357378 0.08535178 0.34797606 0.31481495 0.4269803 0.33563367 0.035618547 -0.3996336 -0.32471704 0.20586981 0.27480212 -0.045752987 -0.58522886 -0.49616486 NaN 
-0.48118234 -0.6436555 -0.68632585 -0.65134436 -0.336776 -0.027340626 0.8065118 0.8298919 0.7718734 0.7581565 0.7658944 1.0 0.87299466 0.8376151 0.7621595 0.79097134 0.7655977 0.5668042 0.050234713 0.3417822 0.23965776 0.66181326 0.632008 0.36304724 0.3526978 0.45277748 0.7177117 NaN NaN 0.36554265 -0.5783877 -0.81253403 -0.67690194 -0.629363 -0.6625246 -0.6723211 -0.7705328 -0.7265682 0.22400202 -0.33830228 -0.007053958 0.21554159 -0.76289225 -0.7904991 -0.7845871 -0.79679036 -0.7111904 -0.6498159 -0.68723917 -0.7043071 0.11094144 0.56425136 0.17764398 0.64434063 0.55738366 -0.004546352 -0.5756393 -0.506639 0.26852465 0.4838298 -0.036386576 -0.6845046 -0.53962356 NaN 
-0.45850685 -0.676009 -0.7034695 -0.7432216 -0.46961516 -0.31833515 0.7167957 0.78748757 0.63834697 0.6716422 0.5476495 0.87299466 1.0 0.6729167 0.611829 0.5819834 0.6109811 0.36870366 -0.24412897 0.21413408 -0.024574758 0.6173113 0.6904989 0.34822625 0.42285964 0.33235705 0.80571616 NaN NaN 0.5992193 -0.6404062 -0.81393814 -0.75089335 -0.7013057 -0.70948535 -0.7362214 -0.8023014 -0.701811 0.4517398 -0.24067499 0.2163831 0.492195 -0.8034936 -0.82249826 -0.77396697 -0.7402021 -0.7180599 -0.71448714 -0.7646969 -0.7341701 0.22618084 0.7329858 -0.083600186 0.7751086 0.72527677 0.109948166 -0.5917116 -0.5078519 0.44431353 0.68724734 0.14397408 -0.71557105 -0.55999094 NaN 
-0.41137496 -0.5060298 -0.57369256 -0.504728 0.0025868604 0.28411904 0.76276565 0.67066664 0.7491695 0.6762372 0.7766251 0.8376151 0.6729167 1.0 0.8571804 0.7808154 0.6721295 0.66999394 0.28226534 0.46008474 0.4057154 0.5452365 0.4681716 0.3941291 0.32292578 0.44038612 0.4049953 NaN NaN 0.123393916 -0.4363593 -0.71622884 -0.64558387 -0.6394997 -0.6777381 -0.66905427 -0.71613926 -0.51810855 0.15272018 -0.14249186 0.04271457 0.16071242 -0.53502625 -0.65315753 -0.7093406 -0.7469356 -0.6976601 -0.620438 -0.6000233 -0.4789211 0.1879192 0.4035284 0.28494808 0.4035145 0.3029253 0.12751262 -0.31513593 -0.23266318 0.26382732 0.24673851 -0.011076194 -0.56622523 -0.49526328 NaN 
-0.39674336 -0.4480461 -0.50035286 -0.443851 -0.040244218 0.176668 0.72189116 0.6875409 0.75114477 0.66825277 0.7128125 0.7621595 0.611829 0.8571804 1.0 0.86647815 0.69748944 0.509697 0.21410872 0.460082 0.3649907 0.521072 0.45190653 0.30711052 0.24444447 0.30667317 0.4349807 NaN NaN 0.075863734 -0.496037 -0.6228619 -0.49138722 -0.46562558 -0.50797445 -0.5164122 -0.587504 -0.5467503 0.11341549 -0.25810507 -0.08441391 0.047938414 -0.55627775 -0.5952019 -0.6262518 -0.64137125 -0.5524506 -0.49056885 -0.51282066 -0.5447352 0.0060599954 0.3108916 0.16264777 0.3626656 0.24050966 -0.053107567 -0.40228143 -0.3377561 0.12171224 0.19401829 -0.1985237 -0.5146274 -0.41340506 NaN 
-0.44125232 -0.50968724 -0.55847275 -0.4991063 -0.090833746 0.16429988 0.78890353 0.7322335 0.78650665 0.72185534 0.77185744 0.79097134 0.5819834 0.7808154 0.86647815 1.0 0.90010214 0.71745247 0.3440688 0.56736755 0.49700987 0.620132 0.5224554 0.3635944 0.28512508 0.39466694 0.48792395 NaN NaN 0.0944211 -0.4886261 -0.65315145 -0.5136951 -0.48865488 -0.54032385 -0.54738045 -0.63662887 -0.597434 0.0962959 -0.3331799 -0.15502335 -0.0037585415 -0.6216762 -0.6493076 -0.6756337 -0.6882453 -0.5859564 -0.52109164 -0.5453632 -0.5855074 -0.0020243798 0.32547072 0.2002064 0.4102915 0.26915833 -0.062072422 -0.43862784 -0.36407897 0.11556657 0.18757562 -0.24245079 -0.55004185 -0.43846193 NaN 
-0.4705638 -0.59804887 -0.6472487 -0.6240513 -0.19084778 0.02867507 0.8053369 0.7722455 0.7832225 0.75803006 0.7388687 0.7655977 0.6109811 0.6721295 0.69748944 0.90010214 1.0 0.83798885 0.34456933 0.6277904 0.52347445 0.72768784 0.6465472 0.47431266 0.42312434 0.47462034 0.5548952 NaN NaN 0.23975772 -0.4946413 -0.7016602 -0.634385 -0.61992985 -0.66114104 -0.67427224 -0.7412694 -0.5993292 0.2156016 -0.29855874 -0.053168003 0.1264101 -0.6984629 -0.7385812 -0.7450999 -0.73756707 -0.68106 -0.64093363 -0.6602224 -0.6205156 0.10843012 0.446943 0.13345797 0.5219517 0.38642278 0.049278945 -0.43878245 -0.35682988 0.24551944 0.29991177 -0.12729858 -0.6059207 -0.480605 NaN 
-0.40011907 -0.48482847 -0.5468154 -0.5036982 -0.013170046 0.17426595 0.59983456 0.50507975 0.59972626 0.54869264 0.6053751 0.5668042 0.36870366 0.66999394 0.509697 0.71745247 0.83798885 1.0 0.6661496 0.7441668 0.72778976 0.62454456 0.49153426 0.5284078 0.4220391 0.5261872 0.2714315 NaN NaN 0.05241274 -0.27112567 -0.519607 -0.5375719 -0.57120675 -0.616611 -0.6149975 -0.63737005 -0.38366416 0.06560043 -0.15784039 -0.057011887 0.033690684 -0.4345816 -0.5306905 -0.58038574 -0.5966 -0.6000264 -0.55849636 -0.5088204 -0.33509332 0.18472484 0.26540822 0.18246593 0.26311082 0.15060878 0.17618403 -0.14063847 -0.057917573 0.23712327 0.085260294 -0.048468012 -0.3896034 -0.33728054 NaN 
-0.16237998 -0.06953623 -0.106658034 -0.009392954 0.19765192 0.3352305 0.017793313 -0.07614388 0.12984446 0.017729705 0.2346091 0.050234713 -0.24412897 0.28226534 0.21410872 0.3440688 0.34456933 0.6661496 1.0 0.61829185 0.81795657 0.19361693 -0.030144554 0.27625135 0.08236076 0.30413637 -0.29300347 NaN NaN -0.45415017 0.08899836 0.05000414 0.054842245 -0.005864651 -0.05107605 -0.030339817 -0.026204633 0.023942819 -0.38941893 -0.12064027 -0.34143236 -0.42051542 0.123250894 0.092729874 0.012928144 -0.028088683 -0.019039463 0.03973209 0.12662412 0.20587671 -0.055591743 -0.30179647 0.25172618 -0.32633418 -0.38822728 -0.052341722 0.2293211 0.25819072 -0.16835815 -0.3987849 -0.121425286 0.2546582 0.20764887 NaN 
-0.43917358 -0.50255316 -0.5496453 -0.5523506 -0.15731345 -0.068477094 0.35645336 0.3122599 0.39262575 0.3579096 0.35455883 0.3417822 0.21413408 0.46008474 0.460082 0.56736755 0.6277904 0.7441668 0.61829185 1.0 0.8650632 0.719036 0.58989066 0.68670475 0.5820833 0.5372615 0.19273973 NaN NaN 0.06740344 -0.19367324 -0.32978392 -0.42770305 -0.4809295 -0.51364994 -0.5293452 -0.4991871 -0.20970608 0.14089946 -0.119315155 -0.035150744 0.039019678 -0.3877012 -0.45148495 -0.47506377 -0.42696115 -0.4535881 -0.47713822 -0.45357665 -0.2681505 0.181541 0.22969581 0.043003112 0.21209228 0.09126862 0.13514324 -0.09968268 -0.012195635 0.1773532 0.032067593 -0.039634276 -0.25002742 -0.20139512 NaN 
-0.3236618 -0.3429931 -0.39351383 -0.3244578 -0.075512715 0.13806137 0.19976182 0.12266945 0.2809413 0.19949615 0.34488893 0.23965776 -0.024574758 0.4057154 0.3649907 0.49700987 0.52347445 0.72778976 0.81795657 0.8650632 1.0 0.57355595 0.3681168 0.6188404 0.44257182 0.596036 -0.031473435 NaN NaN -0.15285899 0.06026865 -0.13122271 -0.19518572 -0.26393458 -0.30993494 -0.2949619 -0.2759677 -0.035030127 -0.090089455 -0.09910751 -0.18765977 -0.21554306 -0.14583446 -0.22580363 -0.28935134 -0.31302086 -0.3087484 -0.2724925 -0.20155503 -0.04813561 0.091550104 -0.0074684615 0.2972633 -0.029922409 -0.1524493 0.0030384324 0.006556289 0.058394838 -0.05574222 -0.22285959 -0.14786808 -0.065341234 -0.06458716 NaN 
-0.51857346 -0.74013895 -0.7945278 -0.81532013 -0.5304965 -0.32919794 0.5955534 0.63414097 0.5753224 0.61061865 0.527495 0.66181326 0.6173113 0.5452365 0.521072 0.620132 0.72768784 0.62454456 0.19361693 0.719036 0.57355595 1.0 0.9595668 0.8272565 0.8153117 0.7268773 0.6974432 NaN NaN 0.56670374 -0.37452477 -0.6564654 -0.71556693 -0.7238079 -0.7435611 -0.7613891 -0.7668955 -0.45115793 0.47066167 -0.15325022 0.16748387 0.33520678 -0.7224957 -0.801491 -0.77982736 -0.757954 -0.7573221 -0.7568958 -0.76047367 -0.61904883 0.26724184 0.6205159 0.061971754 0.6449413 0.5221594 0.073593475 -0.5123608 -0.44399375 0.26366985 0.3830975 -0.018067604 -0.64636546 -0.5088387 NaN 
-0.4965267 -0.7409122 -0.7850222 -0.842116 -0.59861827 -0.470653 0.5597544 0.62782836 0.5064971 0.5731908 0.42295912 0.632008 0.6904989 0.4681716 0.45190653 0.5224554 0.6465472 0.49153426 -0.030144554 0.58989066 0.3681168 0.9595668 1.0 0.791 0.8438987 0.64694375 0.78999627 NaN NaN 0.7239388 -0.4079212 -0.66308004 -0.74089336 -0.73600745 -0.7423897 -0.7695144 -0.7691087 -0.4503469 0.6121822 -0.10192909 0.29318848 0.48485 -0.7604742 -0.82410973 -0.77998 -0.7315424 -0.7452953 -0.7747281 -0.7974588 -0.661448 0.30192405 0.7094035 -0.042860366 0.7252652 0.6120856 0.10112519 -0.5641661 -0.50832343 0.29994133 0.4657514 0.017882412 -0.705568 -0.5603863 NaN 
-0.39276844 -0.5778199 -0.6518134 -0.6694152 -0.37379327 -0.23977217 0.32357126 0.31187844 0.3209207 0.3169328 0.2780297 0.36304724 0.34822625 0.3941291 0.30711052 0.3635944 0.47431266 0.5284078 0.27625135 0.68670475 0.6188404 0.8272565 0.791 1.0 0.9643534 0.8439534 0.4011866 NaN NaN 0.5010454 0.0069456864 -0.37163934 -0.57684004 -0.63737786 -0.64423627 -0.6456172 -0.55477184 0.005517652 0.605789 0.23661633 0.40869728 0.41855687 -0.3976703 -0.58773834 -0.5980483 -0.58224934 -0.6517114 -0.6862046 -0.6362134 -0.3498936 0.35779226 0.45756185 0.06400272 0.3669455 0.2569638 0.095899664 -0.35991967 -0.32950285 0.12563284 0.1047129 -0.06190232 -0.50461876 -0.4201457 NaN 
-0.38738492 -0.59776986 -0.6638895 -0.7135968 -0.44286406 -0.36743024 0.3123952 0.33105317 0.28083295 0.30759215 0.20667645 0.3526978 0.42285964 0.32292578 0.24444447 0.28512508 0.42312434 0.4220391 0.08236076 0.5820833 0.44257182 0.8153117 0.8438987 0.9643534 1.0 0.7977864 0.51388735 NaN NaN 0.6539182 -0.032806553 -0.39756078 -0.6175878 -0.666049 -0.66252065 -0.67267394 -0.5800738 -0.036196977 0.7216075 0.27350384 0.5321101 0.57239145 -0.4381328 -0.62130225 -0.6102652 -0.5753041 -0.65977544 -0.7199285 -0.6882485 -0.41170233 0.36526954 0.53266823 -0.03144829 0.46649393 0.37547338 0.13653585 -0.41646484 -0.40350893 0.17204295 0.19134083 -0.033133652 -0.5748943 -0.4767089 NaN 
-0.27536395 -0.46364534 -0.5454082 -0.51917535 -0.28140524 -0.019570284 0.38184068 0.34059244 0.36733428 0.34749165 0.412978 0.45277748 0.33235705 0.44038612 0.30667317 0.39466694 0.47462034 0.5261872 0.30413637 0.5372615 0.596036 0.7268773 0.64694375 0.8439534 0.7977864 1.0 0.44541818 NaN NaN 0.45921278 0.14916456 -0.3373663 -0.4606124 -0.5147544 -0.53063357 -0.51477367 -0.4699891 -0.044226408 0.43501428 0.21149395 0.3559806 0.32934046 -0.29660645 -0.504708 -0.525091 -0.5967397 -0.6216961 -0.6067687 -0.5559028 -0.3783166 0.15226257 0.2675522 0.13540798 0.2422036 0.14950126 -0.10495788 -0.4883751 -0.48555753 -0.0652778 -0.049684063 -0.29304183 -0.49392718 -0.37378326 NaN 
-0.3926063 -0.60679936 -0.6221014 -0.6700525 -0.5707008 -0.43106052 0.61134344 0.7406529 0.5417085 0.6353686 0.47911507 0.7177117 0.80571616 0.4049953 0.4349807 0.48792395 0.5548952 0.2714315 -0.29300347 0.19273973 -0.031473435 0.6974432 0.78999627 0.4011866 0.51388735 0.44541818 1.0 NaN NaN 0.77646667 -0.5008395 -0.66547954 -0.58985895 -0.5336559 -0.54100883 -0.5742942 -0.6525257 -0.6507658 0.45456845 -0.26893356 0.1949482 0.4465811 -0.75980806 -0.7370894 -0.6648403 -0.63585573 -0.5877933 -0.59561676 -0.6734849 -0.7757015 0.010197721 0.5678266 -0.18595316 0.6929087 0.6365163 -0.1451153 -0.7468177 -0.7177549 0.14745054 0.473477 -0.14508626 -0.6679633 -0.47944766 NaN 
NaN NaN NaN NaN NaN NaN NaN NaN NaN NaN NaN NaN NaN NaN NaN NaN NaN NaN NaN NaN NaN NaN NaN NaN NaN NaN NaN NaN NaN NaN NaN NaN NaN NaN NaN NaN NaN NaN NaN NaN NaN NaN NaN NaN NaN NaN NaN NaN NaN NaN NaN NaN NaN NaN NaN NaN NaN NaN NaN NaN NaN NaN NaN NaN 
NaN NaN NaN NaN NaN NaN NaN NaN NaN NaN NaN NaN NaN NaN NaN NaN NaN NaN NaN NaN NaN NaN NaN NaN NaN NaN NaN NaN NaN NaN NaN NaN NaN NaN NaN NaN NaN NaN NaN NaN NaN NaN NaN NaN NaN NaN NaN NaN NaN NaN NaN NaN NaN NaN NaN NaN NaN NaN NaN NaN NaN NaN NaN NaN 
-0.32878286 -0.56475294 -0.57812965 -0.65615875 -0.5870202 -0.5457919 0.32540125 0.43671182 0.2419977 0.33219877 0.1345138 0.36554265 0.5992193 0.123393916 0.075863734 0.0944211 0.23975772 0.05241274 -0.45415017 0.06740344 -0.15285899 0.56670374 0.7239388 0.5010454 0.6539182 0.45921278 0.77646667 NaN NaN 1.0 -0.16475745 -0.45838884 -0.5714581 -0.5596442 -0.5476815 -0.5676203 -0.55188525 -0.24605316 0.76860374 0.18648174 0.60717577 0.7570866 -0.4948238 -0.5955018 -0.5450822 -0.4910637 -0.5479693 -0.6093068 -0.6426878 -0.51865613 0.31054398 0.6469572 -0.16455422 0.5715272 0.54261726 0.077277966 -0.5264442 -0.51445556 0.23566443 0.40215027 0.042699844 -0.60712105 -0.48858994 NaN 
0.34099096 0.45620924 0.4300924 0.47302276 0.29041246 0.2441493 -0.5258292 -0.6203222 -0.52118117 -0.5694318 -0.4330227 -0.5783877 -0.6404062 -0.4363593 -0.496037 -0.4886261 -0.4946413 -0.27112567 0.08899836 -0.19367324 0.06026865 -0.37452477 -0.4079212 0.0069456864 -0.032806553 0.14916456 -0.5008395 NaN NaN -0.16475745 1.0 0.76147157 0.5651091 0.44619337 0.44562486 0.47686017 0.5548444 0.70439464 -0.05010195 0.5407384 0.18518747 -0.08618455 0.7071646 0.5653372 0.4888587 0.42020687 0.34212714 0.28320247 0.35690325 0.42134246 -0.10136802 -0.4905388 0.0569271 -0.6194341 -0.605195 -0.18990527 0.22327605 0.15201047 -0.43369517 -0.5874377 -0.28804967 0.2981652 0.18943352 NaN 
0.4901609 0.71521354 0.74577314 0.73464364 0.33383 0.09287503 -0.81125903 -0.8393947 -0.788147 -0.81075203 -0.73026377 -0.81253403 -0.81393814 -0.71622884 -0.6228619 -0.65315145 -0.7016602 -0.519607 0.05000414 -0.32978392 -0.13122271 -0.6564654 -0.66308004 -0.37163934 -0.39756078 -0.3373663 -0.66547954 NaN NaN -0.45838884 0.76147157 1.0 0.88819325 0.8145874 0.83238816 0.8377568 0.884341 0.64832646 -0.38121647 0.21490338 -0.18152906 -0.39932948 0.77011716 0.8577748 0.84010303 0.82266885 0.786818 0.7248586 0.72462857 0.56431 -0.39060947 -0.7421554 -0.15143017 -0.75991464 -0.70713425 -0.29398552 0.39491743 0.30979043 -0.53610855 -0.6268594 -0.26453677 0.6865956 0.5580673 NaN 
0.49669492 0.7434897 0.7983396 0.8294678 0.29647052 0.1441622 -0.74519384 -0.7468176 -0.70078874 -0.7325956 -0.60478514 -0.67690194 -0.75089335 -0.64558387 -0.49138722 -0.5136951 -0.634385 -0.5375719 0.054842245 -0.42770305 -0.19518572 -0.71556693 -0.74089336 -0.57684004 -0.6175878 -0.4606124 -0.58985895 NaN NaN -0.5714581 0.5651091 0.88819325 1.0 0.98261255 0.9706463 0.96983737 0.9288421 0.43234083 -0.6162624 -0.07127358 -0.45514375 -0.6202362 0.68613124 0.880111 0.88089496 0.842176 0.88533247 0.8786047 0.85360664 0.5004748 -0.5752015 -0.81858057 -0.13572939 -0.7579312 -0.6984423 -0.48200592 0.27476424 0.18699652 -0.65268725 -0.62360954 -0.37077564 0.7410555 0.65503275 NaN 
0.49922448 0.7349247 0.8017984 0.83071053 0.25593707 0.113142245 -0.7212212 -0.70516956 -0.67875636 -0.7021266 -0.5834224 -0.629363 -0.7013057 -0.6394997 -0.46562558 -0.48865488 -0.61992985 -0.57120675 -0.005864651 -0.4809295 -0.26393458 -0.7238079 -0.73600745 -0.63737786 -0.666049 -0.5147544 -0.5336559 NaN NaN -0.5596442 0.44619337 0.8145874 0.98261255 1.0 0.98651284 0.98392737 0.92323774 0.36220458 -0.64021826 -0.15272051 -0.5030306 -0.6420963 0.6316096 0.86102575 0.87747216 0.8383845 0.90729773 0.91384804 0.8784321 0.48075336 -0.5931769 -0.7890956 -0.13677374 -0.7161947 -0.65394616 -0.5140616 0.23358276 0.14191385 -0.65458196 -0.58275074 -0.3727318 0.7317753 0.6603381 NaN 
0.5565671 0.77364385 0.8376648 0.8433189 0.25475273 0.086558536 -0.7481585 -0.72812045 -0.7136478 -0.7279094 -0.6251238 -0.6625246 -0.70948535 -0.6777381 -0.50797445 -0.54032385 -0.66114104 -0.616611 -0.05107605 -0.51364994 -0.30993494 -0.7435611 -0.7423897 -0.64423627 -0.66252065 -0.53063357 -0.54100883 NaN NaN -0.5476815 0.44562486 0.83238816 0.9706463 0.98651284 1.0 0.989133 0.94334036 0.3906777 -0.61695427 -0.13313606 -0.47621495 -0.6197758 0.63447714 0.8693742 0.90186626 0.8637483 0.923968 0.92346436 0.87968457 0.495079 -0.5822351 -0.78414154 -0.17433512 -0.7176032 -0.6497397 -0.5073007 0.23136866 0.13962276 -0.64574414 -0.57338893 -0.35409144 0.7427783 0.675417 NaN 
0.5474475 0.7768855 0.8441024 0.8703155 0.28964663 0.14193058 -0.75598663 -0.74541545 -0.7155937 -0.7379458 -0.61274606 -0.6723211 -0.7362214 -0.66905427 -0.5164122 -0.54738045 -0.67427224 -0.6149975 -0.030339817 -0.5293452 -0.2949619 -0.7613891 -0.7695144 -0.6456172 -0.67267394 -0.51477367 -0.5742942 NaN NaN -0.5676203 0.47686017 0.8377568 0.96983737 0.98392737 0.989133 1.0 0.9575574 0.42840654 -0.6280578 -0.10154817 -0.4644101 -0.6324835 0.67537725 0.8894106 0.90209824 0.8593264 0.9205808 0.9297411 0.90968734 0.5532314 -0.55006725 -0.7924668 -0.110988066 -0.74036825 -0.6696358 -0.4877979 0.2759412 0.17627893 -0.6537486 -0.60245526 -0.3490756 0.7502366 0.6585146 NaN 
0.52945596 0.77950346 0.8381392 0.85794044 0.3609265 0.16240396 -0.8022397 -0.8117235 -0.7660885 -0.7912073 -0.68239 -0.7705328 -0.8023014 -0.71613926 -0.587504 -0.63662887 -0.7412694 -0.63737005 -0.026204633 -0.4991871 -0.2759677 -0.7668955 -0.7691087 -0.55477184 -0.5800738 -0.4699891 -0.6525257 NaN NaN -0.55188525 0.5548444 0.884341 0.9288421 0.92323774 0.94334036 0.9575574 1.0 0.61790764 -0.49816653 0.057711124 -0.31837422 -0.5502247 0.72775906 0.8946282 0.894352 0.8665292 0.8997219 0.90134823 0.9061323 0.66077095 -0.43906114 -0.7782911 -0.13076629 -0.7861839 -0.7121648 -0.41420925 0.34524623 0.24345307 -0.6252343 -0.63602555 -0.28572664 0.7739089 0.64380306 NaN 
0.3100388 0.45884103 0.44948012 0.47177315 0.402912 0.2452157 -0.57752424 -0.6725724 -0.565488 -0.6078755 -0.5409136 -0.7265682 -0.701811 -0.51810855 -0.5467503 -0.597434 -0.5993292 -0.38366416 0.023942819 -0.20970608 -0.035030127 -0.45115793 -0.4503469 0.005517652 -0.036196977 -0.044226408 -0.6507658 NaN NaN -0.24605316 0.70439464 0.64832646 0.43234083 0.36220458 0.3906777 0.42840654 0.61790764 1.0 0.11011335 0.59413177 0.26380798 -0.07279778 0.647515 0.5142923 0.4551724 0.44658163 0.3854696 0.3590571 0.44379097 0.67590344 0.13800237 -0.3819207 0.05852904 -0.6160329 -0.5827578 0.0019684876 0.40783304 0.35336435 -0.28391877 -0.5216713 -0.01968936 0.40614083 0.2339563 NaN 
-0.3330297 -0.49297452 -0.5411002 -0.6208424 -0.26730365 -0.32188463 0.3504842 0.37371898 0.2900137 0.32802707 0.12511055 0.22400202 0.4517398 0.15272018 0.11341549 0.0962959 0.2156016 0.06560043 -0.38941893 0.14089946 -0.090089455 0.47066167 0.6121822 0.605789 0.7216075 0.43501428 0.45456845 NaN NaN 0.76860374 -0.05010195 -0.38121647 -0.6162624 -0.64021826 -0.61695427 -0.6280578 -0.49816653 0.11011335 1.0 0.5398342 0.8338703 0.8108873 -0.41280577 -0.60586464 -0.59647 -0.5082661 -0.5850619 -0.6682188 -0.6810571 -0.35439965 0.48551303 0.6360463 -0.12147659 0.45447457 0.40236613 0.24940614 -0.37343624 -0.3460098 0.3047638 0.34869462 0.15574537 -0.6145258 -0.57001716 NaN 
0.07585904 0.090194635 0.04086352 0.04408533 0.2848199 0.18778643 -0.15110944 -0.2513458 -0.16674384 -0.20570095 -0.19976549 -0.33830228 -0.24067499 -0.14249186 -0.25810507 -0.3331799 -0.29855874 -0.15784039 -0.12064027 -0.119315155 -0.09910751 -0.15325022 -0.10192909 0.23661633 0.27350384 0.21149395 -0.26893356 NaN NaN 0.18648174 0.5407384 0.21490338 -0.07127358 -0.15272051 -0.13313606 -0.10154817 0.057711124 0.59413177 0.5398342 1.0 0.82656384 0.5473816 0.40978312 0.108598284 0.015918015 0.0072289393 -0.10637534 -0.15134108 -0.06778744 0.33054903 0.3844696 0.030275092 0.06416958 -0.21986459 -0.21412946 0.19846806 0.14611681 0.080309935 -0.074356556 -0.2706737 0.046039976 -0.10288363 -0.21629691 NaN 
-0.14575207 -0.26191485 -0.30720735 -0.35773647 -0.012182575 -0.08981443 0.16163513 0.13348693 0.10954281 0.12241504 -0.007504628 -0.007053958 0.2163831 0.04271457 -0.08441391 -0.15502335 -0.053168003 -0.057011887 -0.34143236 -0.035150744 -0.18765977 0.16748387 0.29318848 0.40869728 0.5321101 0.3559806 0.1949482 NaN NaN 0.60717577 0.18518747 -0.18152906 -0.45514375 -0.5030306 -0.47621495 -0.4644101 -0.31837422 0.26380798 0.8338703 0.82656384 1.0 0.8748259 -0.027327105 -0.30937943 -0.34368652 -0.3119569 -0.43503302 -0.50658834 -0.4588476 -0.07129931 0.45569074 0.3943107 -0.09234322 0.20973453 0.21435198 0.29187593 -0.15790696 -0.18937372 0.18215044 0.103138916 0.17791687 -0.41814607 -0.43170753 NaN 
-0.26257366 -0.45215857 -0.49028754 -0.57397735 -0.23775439 -0.31428295 0.31559828 0.34552297 0.24457805 0.29456925 0.09377294 0.21554159 0.492195 0.16071242 0.047938414 -0.0037585415 0.1264101 0.033690684 -0.42051542 0.039019678 -0.21554306 0.33520678 0.48485 0.41855687 0.57239145 0.32934046 0.4465811 NaN NaN 0.7570866 -0.08618455 -0.39932948 -0.6202362 -0.6420963 -0.6197758 -0.6324835 -0.5502247 -0.07279778 0.8108873 0.5473816 0.8748259 1.0 -0.24034567 -0.48013753 -0.47876123 -0.42406845 -0.5521354 -0.64254457 -0.63868695 -0.3348925 0.43684593 0.5882217 -0.17672397 0.49095613 0.49615145 0.34605902 -0.2783463 -0.29705623 0.34601107 0.35343245 0.2196679 -0.571389 -0.5120889 NaN 
0.50519645 0.67989385 0.6904674 0.7507186 0.4706291 0.35359287 -0.70805436 -0.79640883 -0.6696427 -0.73287785 -0.56696504 -0.76289225 -0.8034936 -0.53502625 -0.55627775 -0.6216762 -0.6984629 -0.4345816 0.123250894 -0.3877012 -0.14583446 -0.7224957 -0.7604742 -0.3976703 -0.4381328 -0.29660645 -0.75980806 NaN NaN -0.4948238 0.7071646 0.77011716 0.68613124 0.6316096 0.63447714 0.67537725 0.72775906 0.647515 -0.41280577 0.40978312 -0.027327105 -0.24034567 1.0 0.8921153 0.80715877 0.71240747 0.6353318 0.6225358 0.7223644 0.7257288 -0.18991324 -0.68679935 0.08017353 -0.7546467 -0.6643779 -0.05389634 0.5696475 0.43606496 -0.4338513 -0.6678952 -0.15511551 0.5871829 0.43010795 NaN 
0.55263615 0.76352 0.8181957 0.8481129 0.37957048 0.20289089 -0.8187408 -0.84754395 -0.77025604 -0.8089208 -0.6752878 -0.7904991 -0.82249826 -0.65315753 -0.5952019 -0.6493076 -0.7385812 -0.5306905 0.092729874 -0.45148495 -0.22580363 -0.801491 -0.82410973 -0.58773834 -0.62130225 -0.504708 -0.7370894 NaN NaN -0.5955018 0.5653372 0.8577748 0.880111 0.86102575 0.8693742 0.8894106 0.8946282 0.5142923 -0.60586464 0.108598284 -0.30937943 -0.48013753 0.8921153 1.0 0.96955353 0.9110807 0.8762144 0.8592723 0.90844643 0.71061015 -0.3961258 -0.79929906 -0.08139496 -0.80639255 -0.7121324 -0.2579968 0.5095186 0.39628926 -0.53956103 -0.6522841 -0.20901628 0.79435843 0.6669915 NaN 
0.64213014 0.7970339 0.84853715 0.8280146 0.29016823 0.07553322 -0.8321911 -0.8297119 -0.7959549 -0.8118547 -0.72463644 -0.7845871 -0.77396697 -0.7093406 -0.6262518 -0.6756337 -0.7450999 -0.58038574 0.012928144 -0.47506377 -0.28935134 -0.77982736 -0.77998 -0.5980483 -0.6102652 -0.525091 -0.6648403 NaN NaN -0.5450822 0.4888587 0.84010303 0.88089496 0.87747216 0.90186626 0.90209824 0.894352 0.4551724 -0.59647 0.015918015 -0.34368652 -0.47876123 0.80715877 0.96955353 1.0 0.945818 0.9106979 0.8693816 0.8804103 0.6232769 -0.45202035 -0.77922916 -0.22376145 -0.7647387 -0.66199064 -0.32076845 0.40046093 0.30298644 -0.52874553 -0.5874395 -0.22341982 0.7935031 0.7253461 NaN 
0.4831612 0.6874014 0.7591858 0.72103906 0.2217045 -0.042847652 -0.84310985 -0.8177541 -0.8053923 -0.8087859 -0.7665605 -0.79679036 -0.7402021 -0.7469356 -0.64137125 -0.6882453 -0.73756707 -0.5966 -0.028088683 -0.42696115 -0.31302086 -0.757954 -0.7315424 -0.58224934 -0.5753041 -0.5967397 -0.63585573 NaN NaN -0.4910637 0.42020687 0.82266885 0.842176 0.8383845 0.8637483 0.8593264 0.8665292 0.44658163 -0.5082661 0.0072289393 -0.3119569 -0.42406845 0.71240747 0.9110807 0.945818 1.0 0.94869065 0.8659033 0.8309145 0.5991694 -0.38309515 -0.69234633 -0.26950923 -0.6994807 -0.60350627 -0.25814945 0.43437493 0.3504224 -0.44122964 -0.49468985 -0.123535775 0.81432664 0.7329815 NaN 
0.4646081 0.70473033 0.7850183 0.76505655 0.24544066 0.013535198 -0.79237634 -0.7666181 -0.75219256 -0.7609124 -0.68036073 -0.7111904 -0.7180599 -0.6976601 -0.5524506 -0.5859564 -0.68106 -0.6000264 -0.019039463 -0.4535881 -0.3087484 -0.7573221 -0.7452953 -0.6517114 -0.65977544 -0.6216961 -0.5877933 NaN NaN -0.5479693 0.34212714 0.786818 0.88533247 0.90729773 0.923968 0.9205808 0.8997219 0.3854696 -0.5850619 -0.10637534 -0.43503302 -0.5521354 0.6353318 0.8762144 0.9106979 0.94869065 1.0 0.9501243 0.88293386 0.57814926 -0.4383233 -0.709921 -0.18833986 -0.6998408 -0.6201853 -0.3692147 0.36706832 0.28542048 -0.5278596 -0.52302146 -0.20982702 0.8011347 0.7093956 NaN 
0.45242992 0.7065121 0.79244053 0.8136098 0.2861058 0.11861187 -0.7459479 -0.72914284 -0.69209814 -0.714288 -0.58505154 -0.6498159 -0.71448714 -0.620438 -0.49056885 -0.52109164 -0.64093363 -0.55849636 0.03973209 -0.47713822 -0.2724925 -0.7568958 -0.7747281 -0.6862046 -0.7199285 -0.6067687 -0.59561676 NaN NaN -0.6093068 0.28320247 0.7248586 0.8786047 0.91384804 0.92346436 0.9297411 0.90134823 0.3590571 -0.6682188 -0.15134108 -0.50658834 -0.64254457 0.6225358 0.8592723 0.8693816 0.8659033 0.9501243 1.0 0.9476875 0.6447103 -0.42751005 -0.72041243 -0.04765948 -0.70632124 -0.6340129 -0.39568043 0.37395817 0.29105517 -0.56063324 -0.55399185 -0.21855925 0.8112219 0.6952913 NaN 
0.44888642 0.6908637 0.77348274 0.8359441 0.32524425 0.19535212 -0.76796865 -0.77292407 -0.7057249 -0.73923993 -0.58426476 -0.68723917 -0.7646969 -0.6000233 -0.51282066 -0.5453632 -0.6602224 -0.5088204 0.12662412 -0.45357665 -0.20155503 -0.76047367 -0.7974588 -0.6362134 -0.6882485 -0.5559028 -0.6734849 NaN NaN -0.6426878 0.35690325 0.72462857 0.85360664 0.8784321 0.87968457 0.90968734 0.9061323 0.44379097 -0.6810571 -0.06778744 -0.4588476 -0.63868695 0.7223644 0.90844643 0.8804103 0.8309145 0.88293386 0.9476875 1.0 0.7739189 -0.34342816 -0.730641 0.022803105 -0.75126266 -0.6717446 -0.33130163 0.47401136 0.38227844 -0.55131185 -0.6024575 -0.17188057 0.8327873 0.6762915 NaN 
0.27388734 0.47044688 0.52110106 0.5946667 0.3728721 0.2591636 -0.6870208 -0.7559435 -0.6340616 -0.67879385 -0.5357378 -0.7043071 -0.7341701 -0.4789211 -0.5447352 -0.5855074 -0.6205156 -0.33509332 0.20587671 -0.2681505 -0.04813561 -0.61904883 -0.661448 -0.3498936 -0.41170233 -0.3783166 -0.7757015 NaN NaN -0.51865613 0.42134246 0.56431 0.5004748 0.48075336 0.495079 0.5532314 0.66077095 0.67590344 -0.35439965 0.33054903 -0.07129931 -0.3348925 0.7257288 0.71061015 0.6232769 0.5991694 0.57814926 0.6447103 0.7739189 1.0 0.21350415 -0.40580475 0.21228133 -0.6578903 -0.5948269 0.03301139 0.6614421 0.6184359 -0.22942919 -0.4878937 0.16916856 0.6621573 0.4189004 NaN 
-0.34791812 -0.4465067 -0.46654585 -0.46618998 -0.18364254 -0.13270743 0.15218945 0.12248797 0.12937017 0.13592622 0.08535178 0.11094144 0.22618084 0.1879192 0.0060599954 -0.0020243798 0.10843012 0.18472484 -0.055591743 0.181541 0.091550104 0.26724184 0.30192405 0.35779226 0.36526954 0.15226257 0.010197721 NaN NaN 0.31054398 -0.10136802 -0.39060947 -0.5752015 -0.5931769 -0.5822351 -0.55006725 -0.43906114 0.13800237 0.48551303 0.3844696 0.45569074 0.43684593 -0.18991324 -0.3961258 -0.45202035 -0.38309515 -0.4383233 -0.42751005 -0.34342816 0.21350415 1.0 0.74414915 0.20400211 0.29498118 0.2915636 0.49380222 0.16837862 0.25287914 0.55498105 0.3878153 0.5828633 -0.32425502 -0.43006048 NaN 
-0.5109137 -0.72920823 -0.7501036 -0.79988956 -0.5420664 -0.43971884 0.5128743 0.5758708 0.45146316 0.5156674 0.34797606 0.56425136 0.7329858 0.4035284 0.3108916 0.32547072 0.446943 0.26540822 -0.30179647 0.22969581 -0.0074684615 0.6205159 0.7094035 0.45756185 0.53266823 0.2675522 0.5678266 NaN NaN 0.6469572 -0.4905388 -0.7421554 -0.81858057 -0.7890956 -0.78414154 -0.7924668 -0.7782911 -0.3819207 0.6360463 0.030275092 0.3943107 0.5882217 -0.68679935 -0.79929906 -0.77922916 -0.69234633 -0.709921 -0.72041243 -0.730641 -0.40580475 0.74414915 1.0 0.06717389 0.78556997 0.74494857 0.39193586 -0.29471248 -0.19561443 0.6703573 0.77992684 0.4652103 -0.7028838 -0.6560181 NaN 
-0.25726572 -0.21132478 -0.2118556 -0.043861914 0.028731972 0.36975995 0.10646185 -0.0014488834 0.14053339 0.06387847 0.31481495 0.17764398 -0.083600186 0.28494808 0.16264777 0.2002064 0.13345797 0.18246593 0.25172618 0.043003112 0.2972633 0.061971754 -0.042860366 0.06400272 -0.03144829 0.13540798 -0.18595316 NaN NaN -0.16455422 0.0569271 -0.15143017 -0.13572939 -0.13677374 -0.17433512 -0.110988066 -0.13076629 0.05852904 -0.12147659 0.06416958 -0.09234322 -0.17672397 0.08017353 -0.08139496 -0.22376145 -0.26950923 -0.18833986 -0.04765948 0.022803105 0.21228133 0.20400211 0.06717389 1.0 0.09155137 0.0013733172 0.29583514 0.3519742 0.3290305 0.09609034 -0.06111456 0.13654292 -0.11362129 -0.2455463 NaN 
-0.48089576 -0.70069975 -0.7176121 -0.76330924 -0.5624451 -0.44379276 0.5838535 0.6715121 0.5166313 0.6109795 0.4269803 0.64434063 0.7751086 0.4035145 0.3626656 0.4102915 0.5219517 0.26311082 -0.32633418 0.21209228 -0.029922409 0.6449413 0.7252652 0.3669455 0.46649393 0.2422036 0.6929087 NaN NaN 0.5715272 -0.6194341 -0.75991464 -0.7579312 -0.7161947 -0.7176032 -0.74036825 -0.7861839 -0.6160329 0.45447457 -0.21986459 0.20973453 0.49095613 -0.7546467 -0.80639255 -0.7647387 -0.6994807 -0.6998408 -0.70632124 -0.75126266 -0.6578903 0.29498118 0.78556997 0.09155137 1.0 0.95682234 0.41798332 -0.335532 -0.2895258 0.62640613 0.813842 0.3272349 -0.7117181 -0.6097923 NaN 
-0.41232416 -0.6274123 -0.63882905 -0.6870305 -0.54053885 -0.45272654 0.4964668 0.5972168 0.42878634 0.52786857 0.33563367 0.55738366 0.72527677 0.3029253 0.24050966 0.26915833 0.38642278 0.15060878 -0.38822728 0.09126862 -0.1524493 0.5221594 0.6120856 0.2569638 0.37547338 0.14950126 0.6365163 NaN NaN 0.54261726 -0.605195 -0.70713425 -0.6984423 -0.65394616 -0.6497397 -0.6696358 -0.7121648 -0.5827578 0.40236613 -0.21412946 0.21435198 0.49615145 -0.6643779 -0.7121324 -0.66199064 -0.60350627 -0.6201853 -0.6340129 -0.6717446 -0.5948269 0.2915636 0.74494857 0.0013733172 0.95682234 1.0 0.4850705 -0.2571828 -0.23672897 0.6400116 0.81758344 0.38891235 -0.6280885 -0.5339442 NaN 
-0.2587446 -0.30556118 -0.3224101 -0.3210158 0.028031526 -0.013144167 0.1336971 0.077105395 0.1120698 0.1178782 0.035618547 -0.004546352 0.109948166 0.12751262 -0.053107567 -0.062072422 0.049278945 0.17618403 -0.052341722 0.13514324 0.0030384324 0.073593475 0.10112519 0.095899664 0.13653585 -0.10495788 -0.1451153 NaN NaN 0.077277966 -0.18990527 -0.29398552 -0.48200592 -0.5140616 -0.5073007 -0.4877979 -0.41420925 0.0019684876 0.24940614 0.19846806 0.29187593 0.34605902 -0.05389634 -0.2579968 -0.32076845 -0.25814945 -0.3692147 -0.39568043 -0.33130163 0.03301139 0.49380222 0.39193586 0.29583514 0.41798332 0.4850705 1.0 0.5843261 0.5570211 0.72624326 0.4110969 0.63128084 -0.23317622 -0.34802207 NaN 
0.08011609 0.2715962 0.31830147 0.38185447 0.37353927 0.24860637 -0.48727575 -0.5697693 -0.4395778 -0.48130664 -0.3996336 -0.5756393 -0.5917116 -0.31513593 -0.40228143 -0.43862784 -0.43878245 -0.14063847 0.2293211 -0.09968268 0.006556289 -0.5123608 -0.5641661 -0.35991967 -0.41646484 -0.4883751 -0.7468177 NaN NaN -0.5264442 0.22327605 0.39491743 0.27476424 0.23358276 0.23136866 0.2759412 0.34524623 0.40783304 -0.37343624 0.14611681 -0.15790696 -0.2783463 0.5696475 0.5095186 0.40046093 0.43437493 0.36706832 0.37395817 0.47401136 0.6614421 0.16837862 -0.29471248 0.3519742 -0.335532 -0.2571828 0.5843261 1.0 0.94104487 0.2283781 -0.18973723 0.41115186 0.5050183 0.2607996 NaN 
0.013192939 0.1834304 0.22690998 0.27779955 0.34163162 0.22918797 -0.388534 -0.47460884 -0.34677476 -0.38271165 -0.32471704 -0.506639 -0.5078519 -0.23266318 -0.3377561 -0.36407897 -0.35682988 -0.057917573 0.25819072 -0.012195635 0.058394838 -0.44399375 -0.50832343 -0.32950285 -0.40350893 -0.48555753 -0.7177549 NaN NaN -0.51445556 0.15201047 0.30979043 0.18699652 0.14191385 0.13962276 0.17627893 0.24345307 0.35336435 -0.3460098 0.080309935 -0.18937372 -0.29705623 0.43606496 0.39628926 0.30298644 0.3504224 0.28542048 0.29105517 0.38227844 0.6184359 0.25287914 -0.19561443 0.3290305 -0.2895258 -0.23672897 0.5570211 0.94104487 1.0 0.3926108 -0.057160195 0.50289184 0.47850877 0.25465775 NaN 
-0.3667626 -0.5011402 -0.5111135 -0.5577076 -0.21207084 -0.2204935 0.36822546 0.38572896 0.33021426 0.38586843 0.20586981 0.26852465 0.44431353 0.26382732 0.12171224 0.11556657 0.24551944 0.23712327 -0.16835815 0.1773532 -0.05574222 0.26366985 0.29994133 0.12563284 0.17204295 -0.0652778 0.14745054 NaN NaN 0.23566443 -0.43369517 -0.53610855 -0.65268725 -0.65458196 -0.64574414 -0.6537486 -0.6252343 -0.28391877 0.3047638 -0.074356556 0.18215044 0.34601107 -0.4338513 -0.53956103 -0.52874553 -0.44122964 -0.5278596 -0.56063324 -0.55131185 -0.22942919 0.55498105 0.6703573 0.09609034 0.62640613 0.6400116 0.72624326 0.2283781 0.3926108 1.0 0.8052055 0.6828447 -0.39344612 -0.40805882 NaN 
