1.0 0.9568866 0.8653343 0.74178874 0.6935268 0.6811436 0.5187847 0.5507689 -0.014736164 0.17427832 0.0886195 -0.030723345 0.4917317 0.4697629 0.4704101 0.5017249 0.4760598 0.4391789 0.40665728 0.24551229 0.14395145 0.007838754 -0.13450031 -0.19492331 -0.042418648 0.037738085 -0.15143146 -0.20612794 -0.21154664 -0.22797585 -0.22908616 0.2003127 0.29511306 0.43729725 0.37838015 0.39199674 0.39386308 0.09469183 -0.1350319 0.11838915 0.21000732 0.019168643 0.03192407 0.369369 NaN NaN 0.32833606 0.26941094 -0.037217114 -0.1999304 -0.14839177 -0.008417576 -0.20230122 -0.3962972 -0.47602132 -0.42559484 -0.55613333 -0.5237407 -0.55813736 -0.5472215 -0.43385717 -0.47743773 -0.6559188 -0.35699156 -0.4870019 -0.5402387 -0.53164047 -0.44617656 -0.6274991 -0.2933611 -0.64254075 -0.5578979 -0.6892805 -0.5575183 -0.4608711 -0.32850426 -0.3926088 -0.44404918 -0.30135226 -0.4884815 -0.70146734 -0.5686133 -0.6587005 -0.23679934 -0.09964194 -0.15247828 0.3463622 0.07040074 0.14659204 0.007488584 -0.3301922 -0.32901844 -0.2464461 -0.24296531 -0.48236385 -0.22762978 -0.34495178 -0.2314441 -0.31218144 -0.18992092 -0.13876848 -0.12030353 -0.1630922 -0.11525844 -0.4142937 -0.47234336 -0.18747647 -0.38475478 -0.1808855 -0.3050179 -0.3279934 -0.1656819 -0.15428667 -0.18837528 -0.27651045 -0.26833242 -0.35996228 -0.448252 -0.4706829 -0.35590452 -0.4234672 -0.4199506 -0.23265749 -0.41922846 -0.21120936 -0.23628767 -0.2908493 -0.3391485 -0.25254086 -0.37880257 -0.37704372 -0.4182598 -0.2711049 -0.27497232 -0.25579426 -0.24357446 -0.024053099 0.009497305 0.1058706 0.16782437 -0.04945743 -0.11453918 -0.025212567 0.08275963 0.09646978 0.2730944 0.3064603 
0.9568866 1.0 0.92806417 0.8398248 0.7820183 0.7611882 0.3779221 0.49702805 -0.13916832 0.07156087 -0.005708546 -0.15494142 0.41297397 0.51555043 0.5252041 0.5556254 0.53059167 0.33822685 0.4292407 0.21116337 0.14354955 -0.057065584 -0.22044452 -0.25750235 0.019676572 0.037510008 -0.20709027 -0.27818194 -0.27220887 -0.28335166 -0.3242281 0.27852923 0.34934863 0.41265225 0.4563006 0.46001172 0.45046517 0.015863046 -0.2228828 0.15032764 0.26301187 -0.044059884 -0.052134637 0.40008497 NaN NaN 0.37786722 0.2980003 -0.13127221 -0.13825974 -0.057921275 0.09637454 -0.17552617 -0.3268411 -0.47120094 -0.3414726 -0.56351507 -0.4423543 -0.47162956 -0.56669974 -0.3269356 -0.5163483 -0.6326262 -0.25304756 -0.40293923 -0.5139306 -0.5644133 -0.4868272 -0.6274521 -0.17507546 -0.5861232 -0.5852834 -0.63037455 -0.4658319 -0.5215925 -0.21655072 -0.324399 -0.35555556 -0.19760813 -0.42615756 -0.650816 -0.5955182 -0.64052236 -0.12567964 0.024475532 -0.051910784 0.3779355 0.12755755 0.2697864 0.11765426 -0.33822167 -0.28363 -0.15112866 -0.1312552 -0.43903726 -0.32466045 -0.4051956 -0.19817673 -0.35541835 -0.27670488 -0.23086709 -0.2094202 -0.24606429 -0.20970318 -0.5021133 -0.50025666 -0.09967065 -0.35422778 -0.09147999 -0.29528582 -0.3642219 -0.102844566 -0.07974808 -0.10932704 -0.2332411 -0.19805616 -0.3234747 -0.4614557 -0.46090227 -0.44645247 -0.4589582 -0.4476505 -0.16471605 -0.4606903 -0.31410483 -0.31993452 -0.37303677 -0.28917193 -0.33969286 -0.40317458 -0.39522728 -0.47304663 -0.23035854 -0.2788066 -0.33999333 -0.31941578 0.04081556 0.014864736 0.19510972 0.22195539 -0.08420809 -0.22088668 -0.12619878 0.0014991583 -0.016922317 0.14519206 0.1887883 
0.8653343 0.92806417 1.0 0.95651317 0.9153535 0.90110713 0.34267113 0.47865683 -0.29513192 -0.08605135 -0.19074844 -0.3536244 0.42916656 0.66445506 0.6365889 0.6278162 0.652508 0.40676564 0.54912865 0.17419022 0.05607074 -0.251895 -0.42300066 -0.42933366 0.09500816 0.0075765396 -0.33380073 -0.4727941 -0.46040353 -0.46234345 -0.48907375 0.49042588 0.5279164 0.4806997 0.5941638 0.567607 0.5603665 -0.13551177 -0.4099012 0.26923817 0.32888585 -0.20941085 -0.24414277 0.4256915 NaN NaN 0.38979244 0.35466 -0.28310776 -0.07299644 0.13327408 0.28747842 -0.09933264 -0.24627253 -0.57990116 -0.3108841 -0.69235975 -0.41518015 -0.467276 -0.66476125 -0.19699839 -0.66393673 -0.64762294 -0.09729825 -0.27555573 -0.49519914 -0.68930006 -0.66993415 -0.7370398 -0.0013768445 -0.55459225 -0.7059354 -0.6040543 -0.40855753 -0.6785293 -0.04920393 -0.17092042 -0.19593741 -0.005634116 -0.29606658 -0.6359714 -0.7410875 -0.6622532 0.059472926 0.21346977 0.13143007 0.37529287 0.24207294 0.44103655 0.3123618 -0.26182628 -0.12778148 0.0250533 0.05316249 -0.386812 -0.50433767 -0.5711008 -0.2079849 -0.4954661 -0.44980875 -0.3809888 -0.3776889 -0.41370773 -0.35992393 -0.5422508 -0.4204287 0.11333883 -0.19960532 0.11245902 -0.13430037 -0.2706951 0.103680536 0.11683253 0.083307035 -0.0832777 -0.013999555 -0.158132 -0.36422673 -0.39281222 -0.4899397 -0.42246202 -0.35839242 0.02313261 -0.41504356 -0.45532772 -0.46600604 -0.50052875 -0.25736642 -0.44714415 -0.43267408 -0.41937074 -0.5422915 -0.115647905 -0.31091833 -0.4667858 -0.37617877 0.1794444 0.14871144 0.3676741 0.3126457 -0.13920048 -0.37147307 -0.2874237 -0.16695994 -0.19325118 -0.03461866 0.0061659245 
0.74178874 0.8398248 0.95651317 1.0 0.98369503 0.9643547 0.20794967 0.41789293 -0.4079589 -0.19223553 -0.2965831 -0.47911105 0.3156001 0.6692199 0.6449513 0.6252786 0.66844535 0.312953 0.54786605 0.10638025 0.021562545 -0.32924187 -0.4987674 -0.48844457 0.15878709 0.012197382 -0.37507656 -0.5374254 -0.5156043 -0.5158608 -0.5754188 0.57372755 0.5842375 0.45181534 0.6687063 0.6295891 0.6159448 -0.20833349 -0.48597732 0.32694608 0.3714089 -0.27176958 -0.31748065 0.47292197 NaN NaN 0.46010593 0.4256919 -0.3440032 0.016655052 0.25527975 0.41215423 -0.04834054 -0.1389502 -0.5428604 -0.20928897 -0.68819916 -0.3118698 -0.37213877 -0.66805714 -0.06027679 -0.6889073 -0.58513045 0.045835122 -0.15125562 -0.43938532 -0.69561416 -0.6932355 -0.717324 0.14174563 -0.46957454 -0.71593875 -0.52195925 -0.30420366 -0.7241621 0.08615922 -0.07372952 -0.06777263 0.1348599 -0.2008271 -0.55434847 -0.7611534 -0.62553525 0.18783697 0.33476096 0.23861678 0.35178176 0.27253914 0.54691535 0.42884272 -0.24448611 -0.04854401 0.13793528 0.18008398 -0.31981507 -0.60048425 -0.6358361 -0.17036903 -0.55021435 -0.5366207 -0.4735857 -0.4658783 -0.49944052 -0.4551572 -0.5984708 -0.42699406 0.2265531 -0.13613178 0.2321165 -0.082224146 -0.26991594 0.2054327 0.2183052 0.18908173 -0.030103419 0.08449459 -0.096062586 -0.34740967 -0.36521283 -0.5646575 -0.43734524 -0.35177106 0.121627145 -0.4272593 -0.552742 -0.552314 -0.58311754 -0.2063558 -0.52991086 -0.4482059 -0.43107584 -0.5921249 -0.061955903 -0.32662496 -0.5625491 -0.46932197 0.22740974 0.15571702 0.4622431 0.35437694 -0.18107007 -0.48594993 -0.39249697 -0.26946148 -0.30092785 -0.1401071 -0.08702625 
0.6935268 0.7820183 0.9153535 0.98369503 1.0 0.9868113 0.20265846 0.4372207 -0.4387581 -0.21275741 -0.31712332 -0.5067722 0.3185828 0.6773278 0.6538162 0.63804954 0.6846777 0.3249565 0.57562953 0.12272986 0.037498254 -0.33542007 -0.52336913 -0.4986708 0.19067375 0.03774439 -0.37284797 -0.5591844 -0.5428983 -0.5439586 -0.6012196 0.60406715 0.61862624 0.48005792 0.7030001 0.6680258 0.6571779 -0.19140741 -0.49618697 0.3824572 0.41246223 -0.25643587 -0.30859584 0.5265081 NaN NaN 0.50784224 0.49264374 -0.319012 0.062459342 0.29332462 0.4490929 -0.037808377 -0.11518517 -0.5373396 -0.18313077 -0.6947848 -0.29240045 -0.35872757 -0.6825489 -0.04182532 -0.7146434 -0.58574414 0.07378872 -0.12882566 -0.42838946 -0.7094384 -0.71427655 -0.72574204 0.16645767 -0.46725717 -0.7375598 -0.51920813 -0.29025543 -0.7427008 0.11611527 -0.054342188 -0.04408316 0.1633127 -0.18360329 -0.5473004 -0.7780089 -0.6306189 0.2095405 0.3570602 0.2582234 0.36718398 0.291757 0.572351 0.46183205 -0.23928975 -0.026638556 0.16575329 0.2173654 -0.30072793 -0.6248979 -0.6517496 -0.14984009 -0.5626824 -0.56414473 -0.5002079 -0.49252632 -0.5297206 -0.48434463 -0.6317937 -0.4461288 0.23694067 -0.14540502 0.2456537 -0.093888275 -0.29642823 0.20707676 0.21887518 0.19230409 -0.043665063 0.085095696 -0.10815068 -0.36218384 -0.38213986 -0.59324443 -0.45615315 -0.3635974 0.13734937 -0.4463426 -0.58598036 -0.5850548 -0.61816907 -0.20662923 -0.56155866 -0.47336066 -0.45519188 -0.6248661 -0.06449681 -0.34129903 -0.5978252 -0.50718534 0.231752 0.1523199 0.47048345 0.35359585 -0.19898266 -0.5194263 -0.42169547 -0.29191908 -0.3252916 -0.15242587 -0.08467599 
0.6811436 0.7611882 0.90110713 0.9643547 0.9868113 1.0 0.24784614 0.46084198 -0.4682476 -0.2121448 -0.32639292 -0.54530704 0.34439808 0.72407544 0.69806165 0.6834857 0.73078185 0.3808635 0.6391273 0.16099253 0.05731434 -0.3568995 -0.57424206 -0.5231263 0.23489675 0.062476214 -0.37849018 -0.5955842 -0.59671205 -0.59958655 -0.6371255 0.6340865 0.6364667 0.4849559 0.70870364 0.6757896 0.669733 -0.2216622 -0.54606533 0.37960598 0.42209095 -0.29282233 -0.35137877 0.53169006 NaN NaN 0.5129888 0.5144932 -0.3316493 0.10391153 0.32348078 0.47537225 -0.023913521 -0.07072599 -0.54322904 -0.15036337 -0.7066024 -0.26339635 -0.3464503 -0.70978206 -0.023042817 -0.7571069 -0.59347117 0.10281032 -0.109025806 -0.44203588 -0.7485795 -0.7626674 -0.7473627 0.20302685 -0.4558078 -0.77892977 -0.52433485 -0.2765728 -0.7818204 0.14670593 -0.04749152 -0.03962142 0.17878261 -0.1720624 -0.5566392 -0.81489587 -0.6429356 0.23914762 0.37990412 0.2856985 0.36396506 0.31528747 0.58769745 0.48858535 -0.24760641 -0.0036506224 0.20496947 0.25049978 -0.26572126 -0.6696597 -0.6814499 -0.11858314 -0.5714635 -0.613759 -0.5543253 -0.5460585 -0.5810727 -0.5368713 -0.6425759 -0.4392357 0.2721081 -0.1182872 0.28413084 -0.06414239 -0.28416312 0.24648307 0.2559856 0.23069148 -0.027429106 0.10767188 -0.09493839 -0.34438327 -0.35517246 -0.60545564 -0.44467306 -0.3354851 0.18165684 -0.42479917 -0.61475253 -0.61696595 -0.6494892 -0.18274592 -0.59621555 -0.46932957 -0.45779547 -0.62559086 -0.018988764 -0.31382203 -0.6061472 -0.49724874 0.2845808 0.1631084 0.5039594 0.39953393 -0.17761275 -0.5460779 -0.45505446 -0.31692222 -0.36663657 -0.19636348 -0.12093887 
0.5187847 0.3779221 0.34267113 0.20794967 0.20265846 0.24784614 1.0 0.63836867 0.4285723 0.59932655 0.46160614 0.3265704 0.45135924 0.0691043 -0.0017307419 0.019494947 0.03420075 0.5396698 0.23432611 0.3967239 0.23236312 0.2580115 0.14278628 0.18214272 0.016532203 0.20787133 0.23813748 0.16437641 0.034300532 -0.010612509 0.22642326 -0.037030887 0.032723222 0.36139855 -0.056009043 -0.010185939 0.0546895 0.33203748 0.1632138 -0.027817743 0.053248674 0.22076431 0.18011527 0.014790654 NaN NaN -0.0870197 -0.045002718 0.21293613 -0.26436353 -0.4818409 -0.45696327 -0.42967245 -0.46864542 -0.39172637 -0.49460515 -0.307694 -0.539246 -0.62313795 -0.37202123 -0.6704352 -0.2204812 -0.54401857 -0.58233786 -0.6378884 -0.5770065 -0.3482085 -0.16177002 -0.3959479 -0.52964413 -0.56385857 -0.29338762 -0.595939 -0.5286652 -0.09720125 -0.51479846 -0.54984415 -0.6038288 -0.5427959 -0.5374656 -0.53763825 -0.17431307 -0.41513205 -0.5076563 -0.4896918 -0.48721096 -0.026790146 -0.2505297 -0.36613497 -0.4270125 -0.3467129 -0.42012715 -0.4421497 -0.47660732 -0.3407679 0.175325 0.06569208 -0.090393834 0.09383946 0.14821939 0.1245964 0.18913089 0.16871236 0.19139247 0.035050027 -0.23036045 -0.39330745 -0.31975582 -0.3705651 -0.24755795 -0.14869592 -0.3301954 -0.36897802 -0.395943 -0.3858303 -0.4419435 -0.37262303 -0.21025695 -0.16697913 0.13515466 -0.003477623 -0.03318888 -0.27550668 0.010160266 0.29981858 0.24359933 0.16841285 -0.21363728 0.16452149 -0.0074791256 -0.07307739 0.08827148 -0.16174003 0.060621742 0.27991793 0.2343364 -0.16350828 -0.17266525 -0.27940226 -0.017914882 0.27558517 0.3861988 0.40502182 0.42138287 0.37055218 0.3424485 0.31476477 
0.5507689 0.49702805 0.47865683 0.41789293 0.4372207 0.46084198 0.63836867 1.0 0.04852467 0.3438632 0.2517455 0.0018345659 0.40939653 0.2520201 0.18623392 0.23334564 0.24755225 0.3637883 0.40292558 0.43404865 0.4004343 0.24369857 -0.06099648 0.070243105 0.26816908 0.38882428 0.20279169 0.0026195184 -0.14901412 -0.19890496 -0.07586571 0.2794765 0.3384336 0.53185093 0.29854524 0.33784398 0.39333022 0.33891836 -0.021554615 0.28619626 0.43784335 0.2549216 0.09812124 0.29689497 NaN NaN 0.19133335 0.23704897 0.079225734 0.01886071 -0.25939417 -0.180533 -0.40948266 -0.30486658 -0.43619365 -0.24879807 -0.41155362 -0.3575444 -0.46632722 -0.54615986 -0.45324707 -0.44234374 -0.59754044 -0.32685274 -0.4494532 -0.58229 -0.50256985 -0.32700795 -0.47727966 -0.2442754 -0.51223034 -0.47967595 -0.5612856 -0.31191728 -0.3361901 -0.23651932 -0.47474033 -0.44990546 -0.3090408 -0.5265481 -0.5854147 -0.3734862 -0.528843 -0.26741552 -0.19859716 -0.24267064 0.14571637 -0.07407591 -0.027177975 -0.14356093 -0.4455055 -0.3703667 -0.2753954 -0.24813657 -0.29548344 -0.13662373 -0.12827088 0.053093076 -0.031441532 -0.113353655 -0.13286085 -0.06446877 -0.08658792 -0.11648238 -0.32107627 -0.5076768 -0.2336875 -0.43603384 -0.2275582 -0.39512116 -0.46066037 -0.28119096 -0.27304414 -0.3083435 -0.43886882 -0.38880196 -0.44340658 -0.4317755 -0.35562003 -0.29279393 -0.31925505 -0.30770677 -0.18750808 -0.29658702 -0.08709062 -0.09977609 -0.22456378 -0.19116323 -0.22397116 -0.25047013 -0.31197318 -0.28177667 -0.19667347 -0.07023352 -0.09656133 -0.16185038 -0.09462696 -0.32583645 -0.12193548 0.09498203 0.17182285 0.0136439055 0.12574087 0.2613565 0.1485982 0.19709095 0.24613224 
-0.014736164 -0.13916832 -0.29513192 -0.4079589 -0.4387581 -0.4682476 0.4285723 0.04852467 1.0 0.7523162 0.65052265 0.84200215 -0.038361236 -0.578856 -0.5491268 -0.518085 -0.542939 -0.0011647112 -0.49307626 -0.018992025 -0.067770466 0.446008 0.827079 0.61763614 -0.37202927 -0.055388063 0.39500508 0.7026462 0.82050127 0.8183625 0.7734655 -0.73283064 -0.62950784 -0.27323732 -0.6071321 -0.56593686 -0.53560287 0.4046715 0.75219494 -0.37197712 -0.49285048 0.37249872 0.53778565 -0.3981308 NaN NaN -0.38307315 -0.4538796 0.47359216 -0.5493791 -0.6314123 -0.67520285 -0.18570428 -0.4944565 0.2144304 -0.48939154 0.33016863 -0.40453923 -0.3032119 0.42056754 -0.54422385 0.63217354 0.053550523 -0.6604822 -0.5277495 0.013197201 0.5234014 0.64623266 0.29495582 -0.7330045 -0.19419888 0.5379458 -0.12177098 -0.44059214 0.60297006 -0.71917987 -0.37289444 -0.45165762 -0.6215249 -0.31860578 0.025435967 0.55460006 0.10327776 -0.70314485 -0.7565592 -0.74680376 -0.41941616 -0.6341452 -0.7461258 -0.7560913 -0.026918106 -0.3779594 -0.6301273 -0.73805064 -0.38568756 0.74581885 0.4415649 -0.41088024 0.25021031 0.7834433 0.75322104 0.7826486 0.77660024 0.7982386 0.4499141 0.09467291 -0.6746219 -0.2828545 -0.65762 -0.22429362 0.12988527 -0.52989787 -0.5681252 -0.56777924 -0.26464865 -0.44886014 -0.24585456 0.0048995134 -0.042239346 0.5961828 0.20945148 0.05643713 -0.5613008 0.16687863 0.7754875 0.75799227 0.74396527 -0.22168145 0.7403358 0.26491424 0.26530474 0.4617969 -0.38732553 -0.014947978 0.57789975 0.3955271 -0.59693086 -0.19319591 -0.6789207 -0.58847547 0.027448446 0.71570474 0.7159913 0.51290506 0.7163896 0.6205173 0.50138366 
0.17427832 0.07156087 -0.08605135 -0.19223553 -0.21275741 -0.2121448 0.59932655 0.3438632 0.7523162 1.0 0.92851245 0.7877819 0.22071433 -0.3294067 -0.35032487 -0.30077836 -0.3413903 0.121339284 -0.110148005 0.40668464 0.44383177 0.71433616 0.68803376 0.7365028 0.09577653 0.40741718 0.64815813 0.72072256 0.6364182 0.56972396 0.65226245 -0.4561676 -0.39432994 -0.051724512 -0.4112593 -0.35985327 -0.29771596 0.45397022 0.5526768 -0.2645506 -0.11244558 0.46725205 0.44819352 -0.22914337 NaN NaN -0.2544752 -0.26546553 0.41876158 -0.25220343 -0.68737686 -0.69986206 -0.4245184 -0.39530003 0.12783656 -0.27275673 0.22285634 -0.2769651 -0.30090514 0.07466348 -0.6265744 0.30088684 -0.21523556 -0.6673466 -0.642897 -0.36722055 0.14821929 0.42999703 0.09038213 -0.6746533 -0.36150676 0.18510582 -0.32210183 -0.35604927 0.35182717 -0.6892414 -0.6797844 -0.7206217 -0.7378041 -0.61231947 -0.30439147 0.28628236 -0.21012716 -0.74908656 -0.77804947 -0.81012547 -0.3725612 -0.66695166 -0.69317245 -0.7746232 -0.49130204 -0.64887065 -0.71074706 -0.7456093 -0.39974996 0.4772605 0.3650055 -0.09866464 0.3591126 0.53711987 0.43310478 0.5347159 0.5436238 0.47661564 0.16976891 -0.30467525 -0.6761882 -0.49854562 -0.634023 -0.46281698 -0.2596487 -0.61461735 -0.6275168 -0.6346762 -0.54772055 -0.65019566 -0.53683174 -0.27822554 -0.15451342 0.27326396 0.021546222 -0.090484396 -0.5001443 0.016365882 0.58275044 0.5891006 0.47482142 -0.061535653 0.43059215 0.1926047 0.13132027 0.32915813 -0.29225767 0.19597042 0.54532254 0.3045733 -0.44882417 -0.48853356 -0.64024365 -0.3506713 0.25450504 0.572349 0.6253699 0.591554 0.56412303 0.41678417 0.34553668 
0.0886195 -0.005708546 -0.19074844 -0.2965831 -0.31712332 -0.32639292 0.46160614 0.2517455 0.65052265 0.92851245 1.0 0.8579083 0.210706 -0.33076745 -0.34669408 -0.2863431 -0.35088396 0.035582986 -0.10786507 0.4629417 0.5674697 0.8364414 0.73202676 0.8071566 0.14177415 0.47687265 0.72190493 0.7907697 0.6613089 0.5854698 0.660071 -0.45816493 -0.4063994 -0.064983636 -0.40403607 -0.3497816 -0.28460672 0.5262405 0.5932898 -0.24477977 -0.028354056 0.5856673 0.5135603 -0.18196443 NaN NaN -0.21081327 -0.22120887 0.44876367 -0.16181272 -0.68830806 -0.6970672 -0.44051754 -0.34237581 0.21519618 -0.15718472 0.32059902 -0.1769382 -0.20202348 0.1063506 -0.58493954 0.33712038 -0.18302095 -0.63770485 -0.61337346 -0.3485519 0.1751624 0.47755873 0.14778341 -0.65326506 -0.32253137 0.21067381 -0.27117184 -0.2786589 0.37754717 -0.670484 -0.70049375 -0.7372233 -0.7437635 -0.63997614 -0.27752104 0.33621758 -0.18272606 -0.74689466 -0.77234536 -0.79795676 -0.3327356 -0.6451542 -0.67317224 -0.77632207 -0.5216999 -0.6724787 -0.71810937 -0.7334304 -0.3453629 0.5099787 0.47691202 0.017306648 0.48102176 0.5452102 0.4312333 0.5571747 0.5659501 0.47384542 0.12857667 -0.370123 -0.6980951 -0.58031654 -0.6661925 -0.5660744 -0.37775508 -0.67663014 -0.6734872 -0.6719078 -0.6075637 -0.69143486 -0.5952663 -0.3389337 -0.19895868 0.20413524 -0.048147842 -0.17409155 -0.5350345 -0.046007127 0.56142855 0.58017296 0.4500968 -0.049908713 0.38001576 0.15132315 0.08292423 0.29886335 -0.31135622 0.22146116 0.54896253 0.260429 -0.47208685 -0.58720154 -0.6736282 -0.375581 0.25500768 0.5549207 0.63647425 0.6418071 0.57883614 0.41451824 0.35163596 
-0.030723345 -0.15494142 -0.3536244 -0.47911105 -0.5067722 -0.54530704 0.3265704 0.0018345659 0.84200215 0.7877819 0.8579083 1.0 0.1323411 -0.5012585 -0.4887893 -0.44185385 -0.49939692 0.011401343 -0.36713347 0.20774278 0.22973962 0.7004782 0.8918628 0.78313094 -0.20931055 0.1772662 0.5976939 0.83481765 0.84462816 0.8100008 0.8156894 -0.6748368 -0.58637804 -0.19592784 -0.5702726 -0.5196742 -0.46816885 0.547203 0.80119467 -0.30608314 -0.3038934 0.5890444 0.66224396 -0.28664112 NaN NaN -0.30358514 -0.35503647 0.5562359 -0.4005003 -0.6962442 -0.72810435 -0.2887131 -0.4503035 0.30529675 -0.3345362 0.4372549 -0.29271868 -0.23368509 0.37492758 -0.5716622 0.60439533 -3.4516584E-4 -0.6927065 -0.5729349 -0.10039028 0.4683143 0.6729578 0.3006806 -0.7628016 -0.23422332 0.48877925 -0.17140532 -0.38693827 0.58517194 -0.75798625 -0.5268762 -0.5976445 -0.7167045 -0.4778838 -0.071946874 0.5375264 0.032706816 -0.7734962 -0.8215937 -0.8072397 -0.3665405 -0.6353494 -0.75972253 -0.81282413 -0.17557697 -0.4945292 -0.71006274 -0.791136 -0.37324163 0.7435752 0.55599105 -0.24261758 0.42078012 0.76064163 0.701122 0.7766477 0.7712879 0.739079 0.3388045 -0.11258456 -0.75746197 -0.48622814 -0.7489582 -0.4478942 -0.13155925 -0.6724645 -0.692442 -0.6852702 -0.46197802 -0.60815215 -0.44151223 -0.16935523 -0.17465839 0.4337156 0.04942875 -0.115703754 -0.6463664 0.019188926 0.71225095 0.7036168 0.64546084 -0.21745288 0.61252207 0.19257009 0.17105961 0.3974338 -0.42400178 0.040454414 0.5744512 0.3242756 -0.6315614 -0.3925809 -0.741518 -0.5715308 0.10043122 0.688844 0.7279219 0.61764127 0.7258059 0.61258113 0.52152956 
0.4917317 0.41297397 0.42916656 0.3156001 0.3185828 0.34439808 0.45135924 0.40939653 -0.038361236 0.22071433 0.210706 0.1323411 1.0 0.5743168 0.45687568 0.44937956 0.44838467 0.7285275 0.6038574 0.56294906 0.30296794 0.10045706 -0.1464108 -0.023566466 0.14438221 0.25066957 0.049686473 -0.15449983 -0.23629664 -0.25561586 -0.08568501 0.2820038 0.31231987 0.5181268 0.25018346 0.27611992 0.338434 0.170011 -0.107958674 0.2304308 0.27993435 0.12106684 0.07883606 0.36362994 NaN NaN 0.23188196 0.28013495 0.10555835 -0.045895346 -0.18191929 -0.10319862 -0.22340165 -0.26962745 -0.3946188 -0.2778852 -0.37244865 -0.36829084 -0.46871492 -0.43050113 -0.40805805 -0.42386523 -0.5173193 -0.33874217 -0.36580825 -0.51012105 -0.49260762 -0.40509042 -0.49801612 -0.31607565 -0.53515553 -0.45512226 -0.594659 -0.3907952 -0.3781067 -0.2846821 -0.38169926 -0.4111855 -0.28049114 -0.43436128 -0.60161006 -0.45863053 -0.4746434 -0.23808268 -0.16737477 -0.13743642 0.261893 0.11858756 0.009101081 -0.07889726 -0.18654056 -0.23000748 -0.19743884 -0.23129357 -0.29435495 -0.15054528 -0.2336777 -0.12894697 -0.15505452 -0.16539007 -0.12562911 -0.14181833 -0.18357077 -0.13459794 -0.2863627 -0.3667654 -0.17520133 -0.3469226 -0.19540833 -0.27726588 -0.2764761 -0.154676 -0.16774811 -0.20579295 -0.29353037 -0.2759522 -0.3010986 -0.2983958 -0.3511521 -0.2046029 -0.2830419 -0.2853827 -0.19685139 -0.25916544 -0.14035268 -0.21239398 -0.22696704 -0.2663416 -0.18072444 -0.28654963 -0.29863632 -0.25518256 -0.15216091 -0.12506148 -0.14659594 -0.09709853 -0.029002713 -0.022936663 -1.837948E-4 0.14488702 0.050489217 -0.03884899 -0.06637973 0.06737147 -0.0040021124 0.12439391 0.19328216 
0.4697629 0.51555043 0.66445506 0.6692199 0.6773278 0.72407544 0.0691043 0.2520201 -0.578856 -0.3294067 -0.33076745 -0.5012585 0.5743168 1.0 0.9658476 0.92385846 0.9332117 0.57232815 0.8533703 0.32948533 0.12220146 -0.36782166 -0.6261822 -0.5274959 0.30035308 0.092933245 -0.3924211 -0.6577676 -0.65916955 -0.65706784 -0.6822565 0.671724 0.6352748 0.4547164 0.69378984 0.6568015 0.66620404 -0.29774976 -0.62218636 0.36595553 0.43666577 -0.3337395 -0.39393017 0.6052694 NaN NaN 0.5960757 0.6139906 -0.33716786 0.19588329 0.43049297 0.56543875 0.06269844 0.040175825 -0.48109093 -0.0387263 -0.63775474 -0.14472952 -0.22160539 -0.6521924 0.10553049 -0.7645828 -0.51246786 0.19190899 0.015547189 -0.38359237 -0.7464955 -0.8048979 -0.7339588 0.25682256 -0.40299267 -0.7815928 -0.4971063 -0.23839308 -0.8385285 0.18144716 0.02411803 0.014780126 0.22581872 -0.12551792 -0.55653995 -0.84968525 -0.6056735 0.31957832 0.46190408 0.41345862 0.39706463 0.42036453 0.6625261 0.5774477 -0.11778702 0.1077961 0.3025822 0.33288202 -0.16860282 -0.70916086 -0.70193774 -0.113012835 -0.5858935 -0.66812795 -0.5929312 -0.6172393 -0.65511674 -0.5981298 -0.643684 -0.39232948 0.34113023 -0.085517205 0.30381075 -0.025755618 -0.2592812 0.30459213 0.3147814 0.29650152 0.029190551 0.1739693 -0.032470446 -0.27606764 -0.3436266 -0.6189376 -0.45642313 -0.32640773 0.21041188 -0.42225116 -0.67123103 -0.69799215 -0.6994122 -0.18349506 -0.6376494 -0.46872902 -0.44768986 -0.61587006 0.06473215 -0.30071124 -0.64316934 -0.49309683 0.34186044 0.23627761 0.5541766 0.4282411 -0.21179356 -0.6037708 -0.5543968 -0.4096046 -0.4557908 -0.26124474 -0.16520531 
0.4704101 0.5252041 0.6365889 0.6449513 0.6538162 0.69806165 -0.0017307419 0.18623392 -0.5491268 -0.35032487 -0.34669408 -0.4887893 0.45687568 0.9658476 1.0 0.9780387 0.96792465 0.50909287 0.79915786 0.26209527 0.07804929 -0.3761925 -0.5785421 -0.52841765 0.2337873 0.031876724 -0.43184692 -0.6398838 -0.5990086 -0.5894099 -0.6780606 0.5892675 0.5788654 0.3888162 0.703295 0.6700476 0.66548234 -0.30192432 -0.5825645 0.3303978 0.39479187 -0.3290696 -0.35375378 0.6498976 NaN NaN 0.6913309 0.6680941 -0.31335706 0.1626665 0.4457857 0.58999145 0.106572025 0.01182588 -0.43618485 -0.070101045 -0.6183146 -0.16460986 -0.20069043 -0.5971674 0.119499356 -0.6999492 -0.48126632 0.17966323 0.006530104 -0.3237509 -0.67756647 -0.74779797 -0.7048879 0.22963062 -0.40976524 -0.7390468 -0.48825398 -0.28676403 -0.80971694 0.14056769 0.049094647 0.026084853 0.21162868 -0.1188218 -0.5363678 -0.81204355 -0.59872675 0.3047964 0.46656856 0.39937535 0.419848 0.39491117 0.6876261 0.5926934 -0.10314571 0.106376365 0.29036084 0.32682163 -0.21372326 -0.67849785 -0.69382346 -0.17407732 -0.6189717 -0.62489796 -0.5492262 -0.57630795 -0.61393213 -0.5487977 -0.661327 -0.3989498 0.2890215 -0.116981715 0.2512539 -0.064977236 -0.26984885 0.26455143 0.27896217 0.2715585 0.02879527 0.15881284 -0.060700674 -0.32097003 -0.39936808 -0.6322582 -0.5117063 -0.38945872 0.13975888 -0.47878185 -0.6622431 -0.67586315 -0.6751375 -0.21342172 -0.60694265 -0.48288333 -0.44942418 -0.63927525 -0.012411399 -0.37348744 -0.6664786 -0.5497305 0.27742907 0.2598623 0.54225445 0.38551852 -0.27087927 -0.6013456 -0.5356664 -0.41162443 -0.4188682 -0.20606655 -0.110230744 
0.5017249 0.5556254 0.6278162 0.6252786 0.63804954 0.6834857 0.019494947 0.23334564 -0.518085 -0.30077836 -0.2863431 -0.44185385 0.44937956 0.92385846 0.9780387 1.0 0.97346425 0.49502304 0.79515964 0.3106162 0.15410547 -0.29414308 -0.5279221 -0.48226616 0.23045707 0.0728535 -0.3856656 -0.58389485 -0.5530128 -0.5470026 -0.642126 0.5470582 0.5651203 0.42159823 0.72839797 0.71434337 0.7077417 -0.2078403 -0.5191862 0.34382957 0.45251313 -0.2291294 -0.25935632 0.72739816 NaN NaN 0.7667667 0.74191654 -0.22922578 0.18987109 0.38884035 0.5370524 0.06439296 -0.035468448 -0.41520435 -0.086138315 -0.5990086 -0.1913797 -0.2132391 -0.6035316 0.04495594 -0.6822312 -0.52403057 0.10502496 -0.07226999 -0.35625482 -0.66715366 -0.70992774 -0.6921729 0.16534792 -0.45206916 -0.73440033 -0.52653974 -0.3178862 -0.7741803 0.08236328 -0.03318576 -0.06544013 0.119271494 -0.20075044 -0.57857424 -0.78289074 -0.63774264 0.22323786 0.40930048 0.3315121 0.49461368 0.39010626 0.6775252 0.5487648 -0.16362137 0.012457559 0.22418763 0.2708482 -0.24233373 -0.63217765 -0.63931656 -0.15336807 -0.568366 -0.5772869 -0.5146549 -0.53159225 -0.5696937 -0.5114116 -0.7006147 -0.47630522 0.18943325 -0.21914974 0.15803885 -0.18167298 -0.36390266 0.15092121 0.178293 0.17183354 -0.06436486 0.04550893 -0.17610475 -0.42247942 -0.47931784 -0.6605844 -0.5813581 -0.4748985 0.038886633 -0.5535307 -0.64299715 -0.6494978 -0.66474503 -0.24854212 -0.6038723 -0.526451 -0.4930749 -0.6644423 -0.098183006 -0.38804728 -0.64689827 -0.5685056 0.219878 0.17355715 0.45437533 0.34748918 -0.2679083 -0.56682974 -0.4866151 -0.34942868 -0.36824268 -0.15002494 -0.04886556 
0.4760598 0.53059167 0.652508 0.66844535 0.6846777 0.73078185 0.03420075 0.24755225 -0.542939 -0.3413903 -0.35088396 -0.49939692 0.44838467 0.9332117 0.96792465 0.97346425 1.0 0.57568693 0.84086573 0.31128493 0.11339686 -0.35719377 -0.5794828 -0.5276325 0.24309117 0.047249965 -0.42398077 -0.64068377 -0.6067447 -0.6010135 -0.677794 0.61140496 0.60629153 0.4182011 0.73716587 0.7081395 0.7028654 -0.27629638 -0.5803051 0.36068535 0.42335534 -0.31188244 -0.34285918 0.6754909 NaN NaN 0.7106579 0.7037064 -0.28712538 0.18543847 0.45450145 0.593963 0.08081422 -0.0018021978 -0.45075345 -0.07820247 -0.6311078 -0.17500879 -0.21850275 -0.62482417 0.10814758 -0.7148537 -0.49938983 0.18023384 -0.006822952 -0.34231228 -0.69919693 -0.76052916 -0.72522116 0.23081468 -0.42693537 -0.7611384 -0.5107897 -0.29571235 -0.8205181 0.14455189 0.03223713 0.011559433 0.20873107 -0.13553949 -0.5504377 -0.8249858 -0.6314834 0.2914706 0.45527148 0.39355442 0.44637764 0.4095632 0.6998873 0.59806246 -0.11468729 0.101593494 0.2994033 0.33356187 -0.21894884 -0.6828236 -0.6981383 -0.18374199 -0.6216477 -0.6295262 -0.556097 -0.5792706 -0.6191053 -0.55563194 -0.67819214 -0.41767347 0.2827515 -0.1365051 0.2428501 -0.09565478 -0.299709 0.23718593 0.25417224 0.24783474 -0.004756472 0.12942435 -0.09447031 -0.35727477 -0.42566624 -0.654877 -0.5376918 -0.40862265 0.12144558 -0.50449616 -0.6770956 -0.6902911 -0.69894457 -0.24102275 -0.6282631 -0.5102811 -0.47705942 -0.65764594 -0.02728912 -0.38403374 -0.6715652 -0.5602922 0.2765362 0.2288413 0.5213485 0.36647063 -0.2902732 -0.6109827 -0.5382332 -0.4133204 -0.41926825 -0.20103541 -0.10493363 
0.4391789 0.33822685 0.40676564 0.312953 0.3249565 0.3808635 0.5396698 0.3637883 -0.0011647112 0.121339284 0.035582986 0.011401343 0.7285275 0.57232815 0.50909287 0.49502304 0.57568693 1.0 0.7147173 0.5449771 0.15910417 -0.06254951 -0.19265324 -0.13032742 0.060115375 0.07067163 -0.1062774 -0.27127454 -0.29531485 -0.30878544 -0.13166553 0.250876 0.25928316 0.38055146 0.19424906 0.20823954 0.26543102 0.0024035962 -0.19647534 0.14062911 0.08290295 -0.089590415 -0.04779356 0.29048184 NaN NaN 0.21746677 0.26805905 0.061995707 -0.10537989 0.0010557752 0.044099335 -0.07666217 -0.21489914 -0.37654105 -0.3340207 -0.39809272 -0.3643706 -0.4487972 -0.3960377 -0.26760903 -0.40321794 -0.41620538 -0.19601752 -0.26239803 -0.37361953 -0.46811056 -0.45832658 -0.544103 -0.21357515 -0.4924426 -0.47737613 -0.58895224 -0.4985319 -0.4315152 -0.24516423 -0.19259737 -0.25753167 -0.15454708 -0.2539427 -0.5145362 -0.50392324 -0.45467016 -0.11017374 -0.06734938 -0.0050200336 0.2199059 0.17481741 0.08281552 0.066633716 0.0042587607 0.03300819 0.0072884955 -0.05151644 -0.21780968 -0.19560921 -0.33710644 -0.27153847 -0.33153787 -0.2219524 -0.17223877 -0.20655072 -0.24990302 -0.15909131 -0.19429551 -0.17233741 -0.05056937 -0.15178788 -0.09745476 -0.07283128 -0.07574004 -0.021230135 -0.05201446 -0.07501347 -0.14808442 -0.10598725 -0.15344317 -0.17646155 -0.28611466 -0.16724303 -0.22339122 -0.14631827 -0.10285478 -0.18532823 -0.18219356 -0.26493055 -0.259735 -0.3230385 -0.1917833 -0.25154415 -0.23082888 -0.21333644 -0.049175292 -0.19323625 -0.1840729 -0.06962714 0.07170516 0.18171713 0.11099264 0.10529514 -0.083751105 -0.11274267 -0.13395822 -0.106574535 -0.066138215 0.08645629 0.14441667 
0.40665728 0.4292407 0.54912865 0.54786605 0.57562953 0.6391273 0.23432611 0.40292558 -0.49307626 -0.110148005 -0.10786507 -0.36713347 0.6038574 0.8533703 0.79915786 0.79515964 0.84086573 0.7147173 1.0 0.68740535 0.4601484 -0.07923771 -0.5067549 -0.26915073 0.50312686 0.33240056 -0.1243444 -0.47975874 -0.5832998 -0.60670835 -0.52125734 0.63129216 0.58202434 0.47972494 0.5751625 0.5666752 0.6063117 -0.14605509 -0.5380071 0.33312538 0.5036624 -0.187761 -0.32937026 0.51745415 NaN NaN 0.4846954 0.55523187 -0.22477576 0.29879186 0.26820815 0.35748506 -0.12701757 0.03404044 -0.4332025 0.047762476 -0.518739 -0.075234465 -0.19194517 -0.66689163 9.428272E-4 -0.73541903 -0.5243242 0.12811764 -0.06892386 -0.4721183 -0.75764155 -0.722042 -0.676184 0.17422241 -0.41982844 -0.7711601 -0.50782925 -0.18278927 -0.7621893 0.10689877 -0.16326743 -0.1503403 0.08268059 -0.25523704 -0.5806431 -0.7474176 -0.6086553 0.19424564 0.29748988 0.27031088 0.3380506 0.30238223 0.48886254 0.40405566 -0.2770881 -0.023985332 0.20656703 0.28334787 -0.084459275 -0.61677366 -0.5160576 0.07304691 -0.36505723 -0.5980622 -0.58435154 -0.56743443 -0.5849043 -0.5803416 -0.62298703 -0.47815248 0.21582195 -0.18460868 0.1955831 -0.18228967 -0.40953115 0.117394224 0.14120713 0.13313293 -0.16938458 -0.007970198 -0.20474207 -0.3776498 -0.34601817 -0.616262 -0.45169273 -0.3327703 0.14148556 -0.41356277 -0.5888512 -0.60491526 -0.6429162 -0.08442215 -0.6084801 -0.36829117 -0.38404432 -0.49670848 0.10053755 -0.1091832 -0.46006393 -0.39232558 0.30483252 0.008505196 0.3730497 0.3747651 -0.06953081 -0.48999035 -0.43589675 -0.26222235 -0.38959295 -0.256111 -0.17541859 
0.24551229 0.21116337 0.17419022 0.10638025 0.12272986 0.16099253 0.3967239 0.43404865 -0.018992025 0.40668464 0.4629417 0.20774278 0.56294906 0.32948533 0.26209527 0.3106162 0.31128493 0.5449771 0.68740535 1.0 0.8694654 0.5758035 0.07321125 0.39856774 0.56157166 0.6369654 0.452725 0.16520527 -0.03992466 -0.09494574 0.10577479 0.19910929 0.19433258 0.38108137 0.1381626 0.18687277 0.265805 0.31866297 0.008882282 0.16517106 0.43466502 0.31326637 0.1174773 0.24332052 NaN NaN 0.15621148 0.24311773 0.19839685 0.23829634 -0.27760714 -0.255449 -0.42655993 -0.11831577 -0.1342652 0.041770585 -0.0700395 -0.05903608 -0.15407942 -0.35739332 -0.34868193 -0.27865934 -0.3967217 -0.25581133 -0.35122102 -0.49057937 -0.37991825 -0.15067844 -0.24670407 -0.2440247 -0.37069765 -0.3385844 -0.39179057 -0.13326408 -0.20237987 -0.26785406 -0.57482725 -0.5481203 -0.40240586 -0.5493032 -0.49502143 -0.20899345 -0.41739842 -0.31285924 -0.26180574 -0.26918012 0.1417854 -0.11906106 -0.10147262 -0.2246147 -0.50927794 -0.43681374 -0.25852963 -0.1595118 -0.081353426 -0.059468344 0.084058225 0.24871483 0.19135563 -0.08558246 -0.17604831 -0.09031454 -0.085247636 -0.15502088 -0.3248627 -0.5309306 -0.2930304 -0.46503687 -0.28110895 -0.5048894 -0.56868327 -0.39870146 -0.36051798 -0.3646712 -0.5540454 -0.49125937 -0.557075 -0.4965535 -0.34910715 -0.32823324 -0.3587606 -0.3545252 -0.25375307 -0.34033117 -0.10438766 -0.102289654 -0.19234048 -0.016675228 -0.22544987 -0.16749035 -0.21434717 -0.12951246 -0.119615234 0.12850168 0.060088385 -0.08244532 -0.081620924 -0.46468633 -0.21918519 0.035539232 0.15323803 0.009603182 0.037305884 0.17680444 -0.0083343275 -0.034405835 -0.013538033 
0.14395145 0.14354955 0.05607074 0.021562545 0.037498254 0.05731434 0.23236312 0.4004343 -0.067770466 0.44383177 0.5674697 0.22973962 0.30296794 0.12220146 0.07804929 0.15410547 0.11339686 0.15910417 0.4601484 0.8694654 1.0 0.7550945 0.16252097 0.507654 0.6244611 0.7433701 0.5875892 0.33138955 0.060243044 -0.015742227 0.13667224 0.13008648 0.12406144 0.28147 0.114412054 0.16848326 0.2357369 0.39134943 0.08131048 0.13681066 0.5301461 0.45361343 0.18499568 0.21916561 NaN NaN 0.14254546 0.2276112 0.22321102 0.38550225 -0.31565228 -0.2982881 -0.46186328 -0.01744789 0.034931704 0.23916404 0.08539507 0.11262593 0.018287525 -0.30331787 -0.29870942 -0.18992588 -0.32322523 -0.21419512 -0.31607056 -0.4613304 -0.27624282 0.0068506543 -0.08210094 -0.1778118 -0.24354468 -0.24067937 -0.24548192 0.0691669 -0.0788274 -0.19739704 -0.615419 -0.5620091 -0.41807145 -0.57578045 -0.41424337 -0.069570705 -0.34691408 -0.3330781 -0.284765 -0.32798824 0.10074499 -0.19208492 -0.1370854 -0.28950462 -0.65860826 -0.55883515 -0.33351797 -0.19565172 -0.0071378346 -0.0078118555 0.25880846 0.4772479 0.41264683 -0.021526264 -0.14974374 -0.021468103 0.007021813 -0.13956477 -0.3265147 -0.61598814 -0.33533457 -0.5360487 -0.29694384 -0.60178006 -0.69108045 -0.47042528 -0.4060701 -0.40894678 -0.6275405 -0.56337726 -0.63680077 -0.5506963 -0.3255548 -0.37380403 -0.3731833 -0.38672474 -0.2495192 -0.3419513 -0.06334959 -0.018953782 -0.15016955 0.12612583 -0.22640827 -0.11777897 -0.19539616 -0.102339044 -0.14075631 0.22956146 0.12599747 -0.10258879 -0.12514623 -0.65808165 -0.30543676 4.091634E-4 0.2171486 0.029735561 0.11191298 0.293852 0.034898166 -0.06280203 -0.03318128 
0.007838754 -0.057065584 -0.251895 -0.32924187 -0.33542007 -0.3568995 0.2580115 0.24369857 0.446008 0.71433616 0.8364414 0.7004782 0.10045706 -0.36782166 -0.3761925 -0.29414308 -0.35719377 -0.06254951 -0.07923771 0.5758035 0.7550945 1.0 0.7243654 0.893672 0.32968765 0.65922034 0.82678175 0.8104278 0.6237398 0.55179054 0.64577127 -0.3585261 -0.30670595 0.029168762 -0.30732766 -0.23463106 -0.16149482 0.642138 0.6073257 -0.053320736 0.17578423 0.7220107 0.5773475 -0.07233712 NaN NaN -0.14548881 -0.11668071 0.53077126 0.052162264 -0.62292355 -0.64819837 -0.43416774 -0.21709299 0.32762927 0.042250924 0.44332707 8.0154533E-4 -0.021167139 0.13809408 -0.47623476 0.3577288 -0.08898482 -0.49999943 -0.4729755 -0.23656654 0.24850851 0.5540955 0.29351062 -0.5229953 -0.16010988 0.27142662 -0.10238919 -0.06178413 0.4361984 -0.51748234 -0.66559404 -0.6571409 -0.6716631 -0.59235597 -0.19673792 0.39647016 -0.09357245 -0.6672663 -0.6735614 -0.6876796 -0.15425824 -0.51440746 -0.5816163 -0.69878036 -0.51472735 -0.6462994 -0.6362781 -0.5804424 -0.15504557 0.506771 0.6081418 0.26242587 0.61553913 0.49523717 0.3589289 0.4897296 0.50754464 0.3748053 0.019384362 -0.44305748 -0.68410605 -0.6127665 -0.6447634 -0.6536905 -0.52972287 -0.724635 -0.6924775 -0.6837472 -0.67389184 -0.7273061 -0.67532194 -0.4715847 -0.3046263 -0.006513731 -0.23807424 -0.35252297 -0.5782893 -0.24518798 0.35862726 0.40055674 0.2768208 -0.03312731 0.19975765 0.035590027 -0.01301229 0.15151264 -0.38895166 0.15851307 0.4187393 0.08005353 -0.51371735 -0.73071235 -0.67640454 -0.36884245 0.20701838 0.4125797 0.49047506 0.5352286 0.4165646 0.2712574 0.2607234 
-0.13450031 -0.22044452 -0.42300066 -0.4987674 -0.52336913 -0.57424206 0.14278628 -0.06099648 0.827079 0.68803376 0.73202676 0.8918628 -0.1464108 -0.6261822 -0.5785421 -0.5279221 -0.5794828 -0.19265324 -0.5067549 0.07321125 0.16252097 0.7243654 1.0 0.85380006 -0.17110224 0.19333294 0.62488544 0.9049802 0.9631332 0.9371056 0.85126567 -0.7129911 -0.6265241 -0.29206267 -0.5824909 -0.5353259 -0.49677676 0.5512426 0.87947536 -0.25703692 -0.33698195 0.59810036 0.6976142 -0.32439446 NaN NaN -0.3232868 -0.38991913 0.56779474 -0.3812817 -0.61746794 -0.65858096 -0.19109304 -0.3713343 0.45785674 -0.24782906 0.5672563 -0.17729335 -0.08914705 0.5222935 -0.43509966 0.7566487 0.16047838 -0.57520217 -0.44551837 0.093939744 0.6648406 0.8371707 0.4783912 -0.66709423 -0.071894296 0.6515582 0.017255178 -0.27181566 0.70164144 -0.66587526 -0.41136047 -0.46230784 -0.6258837 -0.36031815 0.08915895 0.6531632 0.14309084 -0.7019827 -0.74889725 -0.7482152 -0.3969307 -0.6552618 -0.72486526 -0.76226074 -0.11852286 -0.43710387 -0.64859235 -0.7133508 -0.31949547 0.7726696 0.59335136 -0.22523655 0.4130576 0.800454 0.7328567 0.8125982 0.80562294 0.76488566 0.31648377 -0.08690026 -0.7350051 -0.44281822 -0.71836805 -0.42242503 -0.11943593 -0.6467474 -0.6610085 -0.6404534 -0.40395775 -0.5446546 -0.40205804 -0.18714638 -0.1891245 0.3676224 -0.01555487 -0.17921396 -0.66112524 -0.06423065 0.632778 0.6508933 0.59914815 -0.21746849 0.5734284 0.17138438 0.18237726 0.33625406 -0.47582224 -0.046810623 0.48883697 0.19760196 -0.69445306 -0.44033736 -0.74330026 -0.65019995 -0.017195739 0.59299165 0.65806234 0.50739187 0.66023797 0.54980695 0.4910548 
-0.19492331 -0.25750235 -0.42933366 -0.48844457 -0.4986708 -0.5231263 0.18214272 0.070243105 0.61763614 0.7365028 0.8071566 0.78313094 -0.023566466 -0.5274959 -0.52841765 -0.48226616 -0.5276325 -0.13032742 -0.26915073 0.39856774 0.507654 0.893672 0.85380006 1.0 0.27571145 0.583028 0.86203635 0.9061732 0.7979976 0.74432695 0.81112254 -0.5017604 -0.46499437 -0.14896582 -0.50990206 -0.45286655 -0.38328844 0.5825112 0.7302503 -0.112124525 -0.0673541 0.63922894 0.57351595 -0.29896134 NaN NaN -0.34916434 -0.34914407 0.51386446 -0.12854776 -0.636622 -0.6940929 -0.3202373 -0.20044616 0.44769755 -5.441317E-4 0.59399986 0.029251441 0.036307182 0.39039022 -0.40382773 0.5862175 0.12692569 -0.47196117 -0.3691976 -0.015763879 0.49616522 0.74805945 0.4909091 -0.53247213 -0.0052628247 0.5141798 0.07055017 -0.04740357 0.6123724 -0.5396906 -0.515414 -0.5132312 -0.61170655 -0.418454 0.025183907 0.5876829 0.1258366 -0.6484118 -0.71006113 -0.70635337 -0.3834839 -0.63438505 -0.71845925 -0.7641948 -0.3310876 -0.50600356 -0.6082219 -0.59663415 -0.13872483 0.6222514 0.62634677 0.095187664 0.56176984 0.60443634 0.46716836 0.5822208 0.5996318 0.5016272 0.2056277 -0.20895615 -0.655685 -0.42969635 -0.6207145 -0.46150383 -0.2644753 -0.6326472 -0.6330261 -0.6155781 -0.50490475 -0.5962465 -0.48503277 -0.2733177 -0.1708557 0.18945865 -0.075810425 -0.19819412 -0.5710117 -0.09916973 0.48381603 0.51866823 0.44404414 -0.010117407 0.38417393 0.20076434 0.18180414 0.31175745 -0.3611095 0.122012556 0.46731883 0.14682695 -0.58934134 -0.61584884 -0.6897157 -0.42968613 0.21430163 0.5075616 0.54060125 0.48118225 0.44846037 0.26993334 0.22937892 
