1.0 0.7782431 0.049567454 0.23354405 -0.07297055 0.2033561 0.14895464 -0.07096313 -0.32593572 -0.3227356 -0.31904426 -0.020866979 0.19932479 0.21221678 0.20238204 -0.08191945 -0.26395226 -0.20867655 -0.16099961 -0.18748468 -0.17589912 -0.14396018 -0.07335999 -0.25054094 -0.2579563 -0.29761946 -0.322374 0.0071500083 -0.20703311 -0.026832076 0.25824785 0.17967333 0.15110646 -0.042745784 -0.014428351 0.24705008 -0.046592105 0.034346502 0.31805387 0.120414875 NaN NaN 0.18526502 0.6114164 0.39973164 0.1289669 0.13144127 0.12181549 0.18896514 0.25571045 0.25505185 0.10174384 -0.19301172 -0.39457932 -0.42072135 -0.42843136 -0.45189682 -0.46061647 -0.4468469 -0.43830281 -0.3861602 -0.45417273 -0.49976778 -0.4058403 0.0087611675 -0.2316471 -0.38639924 -0.39892668 -0.4020641 -0.20670733 0.25515863 0.3999165 0.37664536 0.31299943 0.21525578 0.24680652 0.21485434 0.1819478 -0.09204571 0.26642534 0.30256972 0.2170774 -0.24143653 -0.3587674 -0.42180297 -0.38248828 -0.31930146 -0.20363161 0.1762291 0.06372636 0.02250927 -0.07771916 -0.26839265 0.021829516 0.10419211 0.029167233 -0.21269473 0.045512944 0.19666079 0.4052387 -0.03948188 0.21627639 0.28440988 0.19201374 0.19759858 0.25154302 -0.11722488 -0.35212582 -0.44831777 -0.45096686 -0.4261408 -0.35904577 0.08238392 -0.20356779 -0.07805217 0.002642591 -0.2939674 -0.36140266 -0.2532445 -0.004218447 0.23779333 0.21470185 0.060819793 0.1389272 0.26047707 0.27155057 0.2661163 0.066486694 -0.037054718 -0.0635963 -0.10783004 -0.009632574 -0.01938299 0.019484777 0.16888477 0.15814957 
0.7782431 1.0 0.4524703 0.4181541 0.28161582 0.3538044 0.19416042 0.1004067 0.031678844 -0.016555047 0.023324559 -0.0059566125 0.059457008 0.126104 0.111880235 0.19823341 0.038524184 0.049171288 0.08185877 0.06899283 0.080566764 0.07176886 -0.042451844 -0.027972048 -0.02190706 -0.08590058 -0.15215519 -0.06650137 -0.004650517 0.17990324 0.19947642 -0.021719322 0.082674704 0.18254428 0.16280171 0.2759794 0.13124265 0.18564259 0.36641255 0.18155162 NaN NaN 0.22808161 0.5047906 0.40568304 0.062216863 -0.037878163 0.075119644 0.21886688 0.06389883 0.14627263 0.005689903 -0.22244555 -0.2105076 -0.30388102 -0.2735905 -0.28832117 -0.3202826 -0.28971294 -0.28883395 -0.34630248 -0.38473696 -0.39359415 -0.4417217 -0.20761122 -0.3284748 -0.23197259 -0.27888522 -0.26191804 -0.31243598 0.002730894 0.2014628 0.15180619 0.07424818 -0.010968318 0.0041373507 -0.0456205 0.16783574 -0.03130718 0.06408236 0.14790118 -0.041093193 -0.32825178 -0.24772187 -0.34020123 -0.39262572 -0.26931787 -0.13735437 -0.048900872 -0.14639474 -0.17995784 -0.2766702 -0.42805442 -0.19499883 -0.10910503 -0.09563245 -0.30213928 -0.19121297 -0.03294318 0.16107458 -0.03969786 -0.03074046 0.06736895 -0.011907813 -0.01925123 0.012268453 -0.057825543 -0.24443989 -0.41584712 -0.47896582 -0.35966304 -0.37647185 -0.1668909 -0.12155505 -0.07680553 -0.115626946 -0.33782607 -0.2597188 -0.15206467 -0.06450316 0.06528886 -0.0018090679 0.088612586 0.12066442 0.13933761 0.086306855 0.0816766 0.08988295 0.0850623 0.025713664 0.0103512565 0.06725224 0.088899866 0.13803591 0.16335481 0.08062172 
0.049567454 0.4524703 1.0 0.08689442 0.5420945 -0.06365247 -0.33756185 -0.08378039 0.6480855 0.6764196 0.7381282 -0.41009656 -0.6150508 -0.55196553 -0.56651443 0.28011218 0.52915937 0.33077383 0.39549035 0.73358494 0.6864858 0.41221437 -0.20239162 0.40381736 0.51746196 0.50531566 0.23759043 -0.39285168 0.48884544 0.66878796 -0.19404872 -0.54836017 -0.23276922 0.68617 0.54664993 0.1953897 0.69754004 0.6788828 0.5498342 0.5015188 NaN NaN 0.59273154 0.3310036 0.38713226 -0.14877471 -0.4838643 -0.19009581 -0.08159703 -0.6646079 -0.5020923 -0.28219247 -0.3494918 0.381439 0.29789704 0.47095966 0.46197253 0.41228855 0.40686026 0.40825075 -0.090611145 0.0035553663 0.17235291 -0.31265154 -0.72504395 -0.38103598 0.5253952 0.38509655 0.45468512 -0.29333186 -0.6705222 -0.44865146 -0.4909654 -0.55932546 -0.58502316 -0.60125196 -0.6930099 0.16975163 0.32710937 -0.45448297 -0.2848298 -0.6116404 -0.07958828 0.52027214 0.3921729 0.087760344 0.15651889 0.17565231 -0.7515607 -0.65303504 -0.667739 -0.66711074 -0.48643938 -0.694651 -0.71452606 -0.49636376 -0.25705117 -0.797441 -0.7011292 -0.61360127 0.102902696 -0.69993645 -0.5669159 -0.56243813 -0.57811356 -0.68818927 0.18729582 0.48231307 0.20151468 0.019018723 0.34692338 -0.030425344 -0.7761991 0.2820655 -0.13740516 -0.46249706 -0.21726328 0.39185497 0.28435528 -0.32231352 -0.56352675 -0.7032551 0.025424734 -0.10783241 -0.38401076 -0.5936913 -0.6147876 0.110067375 0.5854096 0.39993384 0.37847212 0.36115143 0.5674231 0.44478795 -0.019779865 -0.10748229 
0.23354405 0.4181541 0.08689442 1.0 0.5138988 0.80153334 0.7293767 0.73054266 0.3485134 0.2179423 0.17041527 0.6068837 0.38770902 0.39488626 0.416153 0.5393365 0.4122488 0.597505 0.5432695 0.12638877 0.20865713 0.531187 0.66276044 0.4630217 0.36050937 0.27699038 0.38715422 0.6196518 0.29410276 0.10898073 0.55588365 0.50033027 0.6842631 0.29635698 0.37481537 0.53388506 0.080004185 0.068338774 0.24322027 0.102740474 NaN NaN -0.3050566 -0.15510398 -0.34502628 -0.20380236 0.025463233 -0.2531267 -0.2979649 0.12669998 -0.062771626 -0.024942892 -0.16478279 -0.33707842 -0.3038661 -0.31577635 -0.32366157 -0.31166208 -0.25830066 -0.37524146 -0.14410937 -0.2725549 -0.39313754 -0.16878548 0.17225817 -0.1856325 -0.43767628 -0.341809 -0.45078495 -0.13825746 0.3163786 0.09844937 0.18726343 0.29617783 0.3741773 0.3584528 0.36635828 -0.49105975 -0.61497754 -0.220948 -0.24629878 -0.14216775 -0.39826664 -0.49515843 -0.49281797 -0.44130087 -0.6039411 -0.596913 0.1367352 0.37713918 0.38602057 0.35900196 0.14884709 0.33650976 0.35386452 -0.056992292 -0.29551306 0.2688647 0.35699052 0.2038665 -0.4192807 0.2879253 0.30764556 0.38973364 0.39923054 0.27220067 -0.56637555 -0.55529124 -0.49252287 -0.21522698 -0.49029064 -0.5121076 0.18782197 -0.64416575 -0.47451654 -0.26904207 -0.31371877 -0.5039188 -0.56337255 -0.25536868 -0.030174674 0.22639002 -0.40693706 -0.30105746 -0.0646384 0.18997009 0.10589044 -0.44072983 -0.40583444 -0.47207472 -0.50548786 -0.3717709 -0.34052414 -0.37024444 -0.118986115 0.04334148 
-0.07297055 0.28161582 0.5420945 0.5138988 1.0 0.5400456 0.28255972 0.49942672 0.7667126 0.6548527 0.6700635 0.16960512 -0.15027712 -0.07609774 -0.07317825 0.6042538 0.68663067 0.67271525 0.62468153 0.54596645 0.5610841 0.64269334 0.33538723 0.62148714 0.6206557 0.56936675 0.5131908 0.17649023 0.60637593 0.47246778 0.15978824 -0.059589528 0.26372376 0.58159673 0.55663407 0.37488264 0.45467848 0.38803425 0.34357524 0.26792985 NaN NaN -0.01770029 -0.15176353 -0.18825176 -0.26474935 -0.30069172 -0.29646268 -0.279066 -0.3830185 -0.40688142 -0.20449351 -0.27676207 0.1123189 0.08655478 0.19232617 0.18483348 0.18276532 0.17883529 0.12728825 -0.059675667 -0.051090766 0.0041571083 -0.17052701 -0.35072064 -0.31379384 0.113227315 0.066730835 0.08472764 -0.23587948 -0.28041855 -0.28747785 -0.23973303 -0.19631389 -0.15422541 -0.20037232 -0.2559675 -0.33804053 -0.22213352 -0.47893885 -0.39956698 -0.5107062 -0.27536198 0.041981418 0.008958791 -0.1609076 -0.22069217 -0.21680094 -0.42277357 -0.1545613 -0.14879496 -0.12928705 -0.033193547 -0.17291224 -0.20577583 -0.25333098 -0.21373339 -0.27582976 -0.2162742 -0.30445075 -0.09543291 -0.25990945 -0.16495024 -0.11116674 -0.12901722 -0.2982405 -0.22785462 0.014178058 -0.08363939 -0.017309837 0.02514756 -0.25633806 -0.37861046 -0.19954212 -0.35364386 -0.44740957 -0.22775161 0.019951195 -0.11907842 -0.31674126 -0.38329458 -0.30695266 -0.20454079 -0.2318626 -0.25944728 -0.24965599 -0.32223997 -0.20852263 0.032586392 -0.0758255 -0.048857804 -0.049547166 0.035920072 -0.08068211 -0.19397841 -0.1384212 
0.2033561 0.3538044 -0.06365247 0.80153334 0.5400456 1.0 0.9104709 0.8422201 0.28164217 0.1150793 0.06213068 0.6376988 0.5395068 0.5251124 0.5304596 0.45649236 0.28853968 0.4952696 0.45547906 0.024114719 0.11178416 0.46788162 0.6693926 0.3580779 0.244701 0.15489925 0.2567851 0.6535276 0.16545065 0.01305556 0.59209967 0.5902922 0.742351 0.21863207 0.33591512 0.5162185 0.014599162 0.007103767 0.17356655 0.05322626 NaN NaN -0.3750356 -0.25307536 -0.44493574 -0.20244381 0.103519626 -0.2297277 -0.2835019 0.26230717 0.03864357 0.043448698 -0.14612594 -0.4524253 -0.42003852 -0.43541694 -0.4484442 -0.43988952 -0.39078173 -0.5123421 -0.23498951 -0.39831796 -0.5284758 -0.22146775 0.24670705 -0.19091769 -0.57847476 -0.48553693 -0.58778983 -0.19190636 0.46743858 0.19646004 0.29574502 0.4231756 0.51930255 0.50797105 0.50696504 -0.5265462 -0.66805285 -0.117711015 -0.16470967 -0.037552595 -0.4530404 -0.6083924 -0.6161781 -0.56415737 -0.68911487 -0.66422707 0.2677698 0.5173179 0.5232056 0.44879577 0.19753028 0.48888227 0.52485245 0.0414716 -0.2977981 0.4069212 0.5281698 0.3638978 -0.4632093 0.43899834 0.46175954 0.5502398 0.56437236 0.43363267 -0.607523 -0.64934826 -0.6125668 -0.30896345 -0.60598165 -0.6017372 0.29404283 -0.7417622 -0.5047472 -0.2323622 -0.36776927 -0.62385666 -0.66267186 -0.25750315 0.06926795 0.37297606 -0.4286168 -0.26940867 0.023048496 0.32873428 0.25058916 -0.442062 -0.464595 -0.53813726 -0.5495081 -0.41037732 -0.37641364 -0.3578389 -0.021053497 0.13534492 
0.14895464 0.19416042 -0.33756185 0.7293767 0.28255972 0.9104709 1.0 0.85471565 0.02576487 -0.13192147 -0.21023132 0.7213236 0.70699626 0.67797196 0.6859784 0.27730685 0.053700842 0.31580716 0.2524342 -0.2238252 -0.13088106 0.26987293 0.6812576 0.1979989 0.05910605 -0.013854266 0.15760203 0.72758055 -0.028809717 -0.23057963 0.59292793 0.7421027 0.7333634 -0.05292565 0.093032606 0.32963085 -0.25284693 -0.24689908 -0.087088324 -0.11234159 NaN NaN -0.5484187 -0.40095332 -0.5630445 -0.13967258 0.27120987 -0.12947293 -0.20649876 0.48626134 0.23234037 0.13842297 -0.0170535 -0.53808993 -0.48945552 -0.5496528 -0.5626582 -0.54255927 -0.5032215 -0.60862195 -0.20543392 -0.36487678 -0.53076303 -0.112018846 0.46670854 -0.05748445 -0.6895491 -0.5640924 -0.6824071 -0.11341546 0.64723897 0.3422294 0.44927806 0.5965838 0.6898861 0.6777363 0.70096993 -0.5626538 -0.7346019 0.020925878 -0.0662666 0.14184515 -0.4365439 -0.73024654 -0.69566584 -0.56941855 -0.68983173 -0.6678075 0.4965833 0.7329544 0.7458225 0.6715221 0.39192933 0.7178388 0.7548257 0.23949906 -0.1863447 0.6594332 0.747588 0.54536694 -0.49056777 0.63540024 0.6424675 0.7260032 0.7374348 0.63898945 -0.648094 -0.7638052 -0.6319512 -0.2866062 -0.66137654 -0.53395146 0.5388812 -0.7462312 -0.37759614 -0.018527567 -0.2335859 -0.6777759 -0.6788435 -0.090079755 0.28715217 0.6077118 -0.37387714 -0.18948834 0.17966366 0.5415372 0.44828582 -0.48523164 -0.62558514 -0.6500639 -0.654579 -0.54628104 -0.5448596 -0.5155804 -0.0816599 0.06965352 
-0.07096313 0.1004067 -0.08378039 0.73054266 0.49942672 0.8422201 0.85471565 1.0 0.4079475 0.22022136 0.15454274 0.6501717 0.33847338 0.3115024 0.32742864 0.43298447 0.38910738 0.594782 0.531024 0.08319343 0.1719943 0.53157216 0.73873705 0.5018895 0.40247923 0.34333894 0.47382018 0.67759466 0.2902193 0.008496913 0.4632707 0.49170905 0.6691249 0.22198519 0.3244221 0.44216135 0.012742589 -0.02793042 0.076172896 -0.030359386 NaN NaN -0.44286713 -0.3924073 -0.55116665 -0.23245889 0.041573502 -0.3029408 -0.42205462 0.103378706 -0.11074541 -0.005130045 0.009540521 -0.22729641 -0.15547155 -0.19612081 -0.2057484 -0.18475667 -0.15325658 -0.26211026 0.02744494 -0.10652332 -0.2287485 0.043901358 0.2994097 0.0071435706 -0.3560251 -0.22330417 -0.34557828 0.036192853 0.30729255 -0.04985571 0.04924015 0.19686922 0.33632055 0.32626078 0.38365978 -0.6143513 -0.6410044 -0.26015612 -0.34600046 -0.12301795 -0.22315358 -0.4265513 -0.37666094 -0.29362687 -0.51003104 -0.57068306 0.18378265 0.43865648 0.47478652 0.48420647 0.31743705 0.44904244 0.43534887 -0.017718198 -0.1799278 0.38966897 0.38525522 0.13746685 -0.48745975 0.2909319 0.25917768 0.37898806 0.4035566 0.27519035 -0.53082347 -0.47615957 -0.336137 7.361897E-5 -0.34612116 -0.31946334 0.30869615 -0.6135192 -0.40949616 -0.16119719 -0.10240881 -0.40441278 -0.48688105 -0.17224197 -0.01421915 0.26850012 -0.44615746 -0.32967314 -0.10302314 0.18086733 0.12130306 -0.44872046 -0.47057343 -0.4995962 -0.53071284 -0.4359333 -0.4531706 -0.49175525 -0.25666326 -0.06986613 
-0.32593572 0.031678844 0.6480855 0.3485134 0.7667126 0.28164217 0.02576487 0.4079475 1.0 0.94814736 0.9405075 0.06044986 -0.45639002 -0.4518345 -0.4334519 0.5363161 0.8436292 0.76331335 0.77328 0.7614805 0.78007215 0.7847677 0.35548913 0.7971169 0.82916886 0.8054761 0.67628896 0.087961294 0.72637343 0.58872676 -0.018928261 -0.23898436 0.18076219 0.7658422 0.7102706 0.41833457 0.6716403 0.5906452 0.49032772 0.38081354 NaN NaN 0.1794914 -0.11779525 -0.18095441 -0.37171993 -0.49861464 -0.4951974 -0.54479724 -0.6962481 -0.7184242 -0.33905572 -0.20692833 0.38433093 0.41995788 0.5397383 0.53464323 0.5248546 0.53336936 0.4647193 0.20141742 0.2072836 0.28452817 0.02457247 -0.40068457 -0.16169238 0.43956324 0.43889052 0.423328 -0.019238776 -0.52420586 -0.661391 -0.61399883 -0.545364 -0.43357778 -0.44867724 -0.46262583 -0.35677943 -0.1112388 -0.7113938 -0.65879065 -0.6912486 0.03325336 0.3991107 0.37635687 0.18510772 -0.012959055 -0.13468237 -0.65385073 -0.35919002 -0.3369906 -0.25468636 -0.114106625 -0.38919997 -0.46134707 -0.5573322 -0.22732855 -0.471604 -0.49619636 -0.6690233 -0.17672409 -0.5589179 -0.51141095 -0.38749915 -0.3775794 -0.58789694 -0.14024 0.31076378 0.24757582 0.33214238 0.3523663 0.0016256641 -0.50357985 -0.058658294 -0.38979408 -0.54147285 -0.087380335 0.28522167 0.05845008 -0.42116025 -0.6620493 -0.57871807 -0.3138433 -0.40194824 -0.56184506 -0.5844997 -0.61800957 -0.17281806 0.27217576 0.13959834 0.09237336 0.12489261 0.21837348 0.027136926 -0.30955303 -0.21430042 
-0.3227356 -0.016555047 0.6764196 0.2179423 0.6548527 0.1150793 -0.13192147 0.22022136 0.94814736 1.0 0.96845585 -0.014837372 -0.50627255 -0.5160851 -0.49863347 0.4740442 0.82647663 0.7087089 0.7385034 0.8227098 0.8367761 0.7573886 0.2792257 0.7681652 0.8376244 0.82497054 0.65367675 0.028776836 0.724849 0.6392902 -0.058877695 -0.2832249 0.116833806 0.7922447 0.7175233 0.38342965 0.72940034 0.6606138 0.5334507 0.47370496 NaN NaN 0.31937596 -0.042857308 -0.094853975 -0.35930744 -0.51511943 -0.49027815 -0.5442687 -0.7475502 -0.7665971 -0.36067462 -0.28838706 0.3798813 0.42123538 0.5740851 0.56442565 0.55215925 0.5544391 0.49496797 0.15391518 0.18121237 0.28680405 -0.020665072 -0.46840695 -0.19573782 0.5150286 0.4959476 0.4799247 -0.061600912 -0.5751179 -0.68160015 -0.63630617 -0.5706374 -0.46702802 -0.48005342 -0.5177698 -0.31170514 -0.04929194 -0.7406384 -0.6668731 -0.7390983 0.028787775 0.49188855 0.44846106 0.21307968 0.024677776 -0.09524473 -0.7151336 -0.40918678 -0.39385468 -0.31915402 -0.16210946 -0.458781 -0.53040767 -0.61903536 -0.2513753 -0.56279624 -0.5596838 -0.7156292 -0.16658954 -0.62319285 -0.5497536 -0.42303988 -0.41472378 -0.6388272 -0.117019534 0.39365807 0.29264966 0.36165136 0.4285098 0.036078382 -0.55894345 0.019069329 -0.37691385 -0.55633825 -0.088920996 0.37364715 0.12322951 -0.44837248 -0.7082072 -0.64259976 -0.30028957 -0.4117955 -0.60925776 -0.65067077 -0.6912475 -0.17053491 0.38321304 0.1993701 0.13438174 0.17817469 0.34961247 0.13263205 -0.28344426 -0.20674793 
-0.31904426 0.023324559 0.7381282 0.17041527 0.6700635 0.06213068 -0.21023132 0.15454274 0.9405075 0.96845585 1.0 -0.07716281 -0.55875844 -0.548749 -0.52979904 0.5007522 0.83055985 0.6796782 0.71155584 0.8455293 0.8438051 0.7161857 0.18133965 0.7276753 0.80622566 0.7938201 0.60433316 -0.08220631 0.7128921 0.66160107 -0.123177126 -0.38139206 0.023256125 0.79551953 0.70391697 0.3398302 0.7496619 0.6824273 0.5406277 0.46975827 NaN NaN 0.35418403 -0.013529763 -0.038004864 -0.3460004 -0.5534655 -0.45936942 -0.47961307 -0.7836415 -0.7568867 -0.3555546 -0.28358537 0.4399281 0.4515963 0.61011463 0.6034678 0.5828771 0.58061993 0.5350805 0.14585458 0.18173465 0.30224597 -0.05940107 -0.5513791 -0.2411221 0.54728925 0.51045614 0.52775216 -0.084256984 -0.64907265 -0.689247 -0.6638727 -0.62664884 -0.543671 -0.5594101 -0.6010255 -0.2195553 0.048799884 -0.7163748 -0.62498903 -0.7438159 0.03409211 0.53965276 0.4852896 0.23367628 0.08998366 -0.0148813 -0.76891845 -0.4979979 -0.49016657 -0.4204601 -0.24091484 -0.54641235 -0.6148914 -0.6241768 -0.25435597 -0.63539296 -0.6293851 -0.7446891 -0.061127428 -0.67343974 -0.5979304 -0.49678 -0.49401805 -0.69583243 -0.024149317 0.45702472 0.3239173 0.31971893 0.44651213 0.038181704 -0.63724303 0.088911 -0.3276529 -0.5598768 -0.1106892 0.39904174 0.17116961 -0.43600562 -0.7174877 -0.6963723 -0.22135903 -0.34955937 -0.5802088 -0.6738859 -0.7019158 -0.08309763 0.44075584 0.27845424 0.23418353 0.2601081 0.41429183 0.2176664 -0.2205927 -0.18190655 
-0.020866979 -0.0059566125 -0.41009656 0.6068837 0.16960512 0.6376988 0.7213236 0.6501717 0.06044986 -0.014837372 -0.07716281 1.0 0.67533946 0.6372688 0.68535596 0.54170185 0.29941332 0.52306974 0.42595646 -0.14209668 -0.044668846 0.35013 0.7298979 0.29531044 0.1736966 0.10977596 0.33462483 0.7472859 0.08661143 -0.20503107 0.5083269 0.635559 0.67687774 -0.03521272 0.116193295 0.3580056 -0.22450496 -0.24590321 -0.07546858 -0.16187942 NaN NaN -0.56119514 -0.37816328 -0.5300647 -0.12713985 0.2150142 -0.1740751 -0.29779476 0.35270265 0.10655455 0.07937978 0.062270574 -0.40642014 -0.3335249 -0.42172733 -0.4105998 -0.37545055 -0.32203418 -0.41517022 0.025331385 -0.11977994 -0.30952787 0.12797266 0.5246929 0.113492414 -0.54268366 -0.37815562 -0.52492976 0.06814972 0.5111756 0.15856917 0.24920389 0.3899032 0.5028294 0.50795263 0.58079654 -0.5635353 -0.6959335 -0.06429095 -0.19135857 0.09329683 -0.25622836 -0.6102317 -0.5208029 -0.33381826 -0.5131498 -0.5463544 0.43994486 0.60967803 0.61783254 0.6031257 0.3151556 0.57188976 0.5727578 0.057766102 -0.23851451 0.5660454 0.57139635 0.3472783 -0.46620488 0.51231384 0.4360085 0.5411019 0.55943227 0.49528152 -0.5427716 -0.63158035 -0.43683955 -0.10127533 -0.501267 -0.35794726 0.5189929 -0.6511283 -0.30990848 -0.0024626816 -0.1201437 -0.5604932 -0.58253825 -0.10456134 0.15487367 0.46232042 -0.4241342 -0.27401182 0.028383093 0.3554184 0.31219828 -0.4602406 -0.644034 -0.6055859 -0.6099842 -0.5065971 -0.57172734 -0.5510749 -0.15021569 0.025090745 
0.19932479 0.059457008 -0.6150508 0.38770902 -0.15027712 0.5395068 0.70699626 0.33847338 -0.45639002 -0.50627255 -0.55875844 0.67533946 1.0 0.9541523 0.9477248 0.07952461 -0.2656414 -0.075973414 -0.14046977 -0.5080698 -0.459469 -0.15697643 0.38774776 -0.2532546 -0.38998002 -0.43670353 -0.2438251 0.5304558 -0.43583667 -0.54588974 0.39416417 0.7492249 0.47369027 -0.4579085 -0.3069734 -0.050665975 -0.546052 -0.50095224 -0.38218153 -0.245723 NaN NaN -0.550312 -0.36831093 -0.4477253 0.06258553 0.5016622 0.14684688 0.08727817 0.7645021 0.5466671 0.24848676 0.03853567 -0.63168246 -0.6106553 -0.67969805 -0.67885643 -0.6485407 -0.6180002 -0.6621198 -0.25321287 -0.35150266 -0.5244309 -0.05482546 0.5819104 0.04999278 -0.7377024 -0.6637207 -0.7421884 -0.16709177 0.7755869 0.56375784 0.6414738 0.76467454 0.81931365 0.81879115 0.78994817 -0.37757432 -0.59598476 0.28064823 0.19616632 0.36759186 -0.48410764 -0.7585201 -0.72925436 -0.5922213 -0.5688236 -0.49952778 0.6876106 0.8150375 0.78790146 0.6624356 0.363876 0.7888412 0.8209483 0.37368408 -0.13431546 0.7575807 0.8823551 0.754754 -0.3527889 0.7769611 0.80313104 0.85189176 0.8502022 0.80818874 -0.5229763 -0.7559445 -0.6345653 -0.39935133 -0.6852504 -0.45477095 0.6653746 -0.5798663 -0.14143695 0.20178255 -0.19662961 -0.6767887 -0.6061616 0.061057188 0.54801166 0.80628616 -0.15296865 0.026394825 0.41638595 0.7327207 0.665296 -0.36565313 -0.63658714 -0.6031403 -0.56612927 -0.50680035 -0.5252009 -0.42885324 0.08741122 0.16561058 
0.21221678 0.126104 -0.55196553 0.39488626 -0.07609774 0.5251124 0.67797196 0.3115024 -0.4518345 -0.5160851 -0.548749 0.6372688 0.9541523 1.0 0.9821775 0.18677093 -0.25656366 -0.07300144 -0.17355755 -0.5334408 -0.50014186 -0.21415101 0.27707902 -0.29129288 -0.42392904 -0.4740954 -0.2697248 0.4428242 -0.40647927 -0.5057989 0.4004811 0.6405822 0.38427114 -0.47846928 -0.3418917 -0.08944237 -0.5753568 -0.5422928 -0.4395781 -0.31783518 NaN NaN -0.6093942 -0.38479486 -0.40198028 0.11766565 0.50026006 0.24688444 0.22490162 0.7515095 0.5972708 0.26541862 -0.004100433 -0.6350808 -0.6581897 -0.7248495 -0.71424925 -0.6870338 -0.66739917 -0.686735 -0.31299117 -0.37755424 -0.5300944 -0.13017641 0.47309703 -0.06114996 -0.7656017 -0.7380135 -0.76868457 -0.2694821 0.70686996 0.64119846 0.69501036 0.7663579 0.75539744 0.72456443 0.6860102 -0.29615778 -0.52790064 0.36160362 0.31938756 0.40840277 -0.53679 -0.79212165 -0.76066446 -0.6256384 -0.5174944 -0.38705555 0.6940698 0.73781145 0.7139642 0.6068573 0.35809445 0.7403503 0.7835103 0.5068697 -0.08601654 0.703885 0.8334512 0.7912919 -0.17097422 0.7936437 0.8340245 0.8084268 0.7752275 0.809282 -0.40551266 -0.7398052 -0.650528 -0.4852199 -0.714622 -0.4828395 0.5871202 -0.521456 -0.04639218 0.24479836 -0.19691184 -0.6827952 -0.566027 0.14533535 0.5997809 0.77561545 -0.02637695 0.14263417 0.5264625 0.77901906 0.7052518 -0.28400463 -0.6467766 -0.56956273 -0.47854584 -0.4632481 -0.5258924 -0.40068823 0.15454392 0.18544604 
0.20238204 0.111880235 -0.56651443 0.416153 -0.07317825 0.5304596 0.6859784 0.32742864 -0.4334519 -0.49863347 -0.52979904 0.68535596 0.9477248 0.9821775 1.0 0.24022648 -0.20206966 -0.018200452 -0.11302938 -0.50295895 -0.46315035 -0.17455566 0.32501343 -0.25816593 -0.39209032 -0.44801447 -0.24328999 0.46818346 -0.39932054 -0.5105231 0.41122574 0.665152 0.41936627 -0.46077585 -0.3212932 -0.06573529 -0.5668994 -0.53240025 -0.41707847 -0.3011308 NaN NaN -0.6125067 -0.3833069 -0.40871122 0.09742285 0.48856425 0.21243401 0.18824181 0.7528411 0.5805588 0.24522114 0.011280706 -0.64429665 -0.6470748 -0.7245083 -0.7146754 -0.68748987 -0.65946513 -0.6875938 -0.2789871 -0.35650876 -0.5226069 -0.09371227 0.5200427 -0.029466659 -0.77196795 -0.71492684 -0.7686846 -0.22353981 0.72020864 0.6263489 0.6839085 0.7589436 0.7536279 0.72663856 0.71431696 -0.31707412 -0.5570987 0.34240326 0.28319377 0.39894032 -0.51752174 -0.8013144 -0.76261175 -0.60606194 -0.5286198 -0.4132283 0.6960213 0.7587618 0.7385804 0.6421014 0.38158047 0.7522141 0.789588 0.4826969 -0.095811546 0.7218924 0.83441883 0.7672472 -0.20644136 0.79112184 0.8136952 0.79375464 0.76847816 0.80493367 -0.42991582 -0.7548093 -0.64273936 -0.44478375 -0.7154 -0.48082078 0.6108562 -0.546191 -0.06927451 0.24030778 -0.18999185 -0.69286394 -0.58407795 0.13203819 0.57092214 0.76356214 -0.0760098 0.09360968 0.48594368 0.75859284 0.6806225 -0.31728554 -0.66078013 -0.5877426 -0.50589615 -0.47839594 -0.53894216 -0.42218983 0.1258404 0.1631052 
-0.08191945 0.19823341 0.28011218 0.5393365 0.6042538 0.45649236 0.27730685 0.43298447 0.5363161 0.4740442 0.5007522 0.54170185 0.07952461 0.18677093 0.24022648 1.0 0.7966307 0.79947233 0.7059147 0.40254688 0.4217755 0.5686905 0.3760004 0.5041538 0.48341697 0.40684673 0.45330283 0.27279377 0.4712247 0.30349177 0.26766708 -0.021018269 0.3162905 0.40723976 0.43847468 0.41062889 0.2589968 0.19807258 0.23707257 0.06213799 NaN NaN -0.21094985 -0.1640081 -0.18367895 -0.13247603 -0.15075096 -0.1835894 -0.23038335 -0.25418225 -0.30614918 -0.14835161 -0.31197152 -0.11869107 -0.1466683 -0.104579374 -0.068892196 -0.06610058 -0.04047612 -0.068243004 -0.09529423 -0.09211833 -0.109209105 -0.14666216 -0.18484512 -0.27901718 -0.119977705 -0.14796136 -0.13824525 -0.2140154 -0.10544735 -0.13235207 -0.098973 -0.08084346 -0.062411834 -0.106238976 -0.1136385 -0.3236423 -0.30930504 -0.2995144 -0.2538382 -0.29883325 -0.30190736 -0.18280092 -0.18344061 -0.21530055 -0.2360309 -0.19060935 -0.12730572 -0.01889829 -0.0076946053 0.023078015 -0.0056770206 -0.041865997 -0.03569243 -0.13028188 -0.28060585 -0.12792349 -0.06862091 -0.10678813 -0.040326126 0.01582122 0.013258223 0.027457407 0.004168792 -0.025530983 -0.11844151 -0.11308116 -0.15293899 -0.089599274 -0.18546788 -0.30930105 -0.1533826 -0.30061275 -0.25768706 -0.28657782 -0.2072994 -0.179778 -0.2421931 -0.21912295 -0.22180668 -0.14305927 -0.21620533 -0.19598104 -0.14960769 -0.09880467 -0.1336955 -0.20705996 -0.1960226 -0.1840778 -0.11101629 -0.088639855 -0.12286818 -0.1418515 -0.0320527 0.046882007 
-0.26395226 0.038524184 0.52915937 0.4122488 0.68663067 0.28853968 0.053700842 0.38910738 0.8436292 0.82647663 0.83055985 0.29941332 -0.2656414 -0.25656366 -0.20206966 0.7966307 1.0 0.9198625 0.91441965 0.8009508 0.81771904 0.82941246 0.45562404 0.78386915 0.8115939 0.7650623 0.6740526 0.19703938 0.6820056 0.515781 0.073853 -0.12479471 0.27844837 0.70899445 0.6690688 0.44647187 0.59219056 0.53008485 0.48864415 0.38044086 NaN NaN 0.12626116 -0.0834293 -0.15625016 -0.3165887 -0.4011264 -0.46456885 -0.5611195 -0.60654664 -0.69331664 -0.35068503 -0.33659443 0.15454905 0.22066669 0.3307782 0.34276432 0.3490549 0.36945504 0.3058051 0.121655434 0.1251308 0.16486023 0.006735929 -0.2959896 -0.15889633 0.30266923 0.31985283 0.26206008 -0.056393366 -0.3916658 -0.57428503 -0.51679873 -0.43558496 -0.32293758 -0.33513743 -0.3392107 -0.4303839 -0.24916705 -0.696331 -0.65929645 -0.66287374 -0.08425894 0.24162999 0.22263512 0.08730743 -0.12581824 -0.22335866 -0.5190881 -0.22813651 -0.21680796 -0.13309139 -0.06806287 -0.28265786 -0.35114908 -0.55997294 -0.30479544 -0.38287768 -0.38766518 -0.5644877 -0.2594936 -0.41723162 -0.3974914 -0.26501173 -0.24978407 -0.43638986 -0.16522679 0.22196603 0.17447065 0.32112265 0.2468803 -0.059214205 -0.35851973 -0.1609265 -0.40836576 -0.5055734 -0.109427094 0.1695448 -0.060367066 -0.43543494 -0.6085167 -0.48023158 -0.40672886 -0.46733445 -0.5621985 -0.5230304 -0.5659038 -0.28621158 0.13496631 0.010078353 -0.042388976 0.05069424 0.14815982 -0.007350328 -0.22087176 -0.094303876 
-0.20867655 0.049171288 0.33077383 0.597505 0.67271525 0.4952696 0.31580716 0.594782 0.76331335 0.7087089 0.6796782 0.52306974 -0.075973414 -0.07300144 -0.018200452 0.79947233 0.9198625 1.0 0.9510779 0.65028715 0.6909123 0.84741706 0.652639 0.81186056 0.78982025 0.7292757 0.7357847 0.46154916 0.6801857 0.43549034 0.3091859 0.11857196 0.5007495 0.63770574 0.6515998 0.56630176 0.45618722 0.3943606 0.43415153 0.28303242 NaN NaN -0.061075788 -0.14844443 -0.26882702 -0.30919448 -0.28470555 -0.46136525 -0.57795507 -0.42540002 -0.5800465 -0.29337257 -0.28451902 -0.009385643 0.07167125 0.13095134 0.1424497 0.15980585 0.18936251 0.10279985 0.09063575 0.039448425 0.014716584 0.01784198 -0.09567885 -0.13045976 0.070777394 0.14862958 0.057060257 3.1599333E-4 -0.14873742 -0.41164684 -0.32750797 -0.21984456 -0.09318028 -0.108566485 -0.08713508 -0.5271037 -0.4210666 -0.6010922 -0.6104896 -0.53040177 -0.14024213 0.0022561222 0.01627463 -0.029271292 -0.27831614 -0.36791754 -0.29788554 0.012927988 0.03956263 0.105668426 0.08119059 -0.042286593 -0.09378356 -0.41591337 -0.3140039 -0.15144639 -0.15078114 -0.3700837 -0.36312047 -0.18533145 -0.19800863 -0.05467829 -0.033461798 -0.21373938 -0.32112396 -0.028140211 -0.0056161 0.23725389 0.03665973 -0.18375358 -0.14550926 -0.3767287 -0.48533782 -0.45322752 -0.13867202 -0.048360758 -0.25677663 -0.42483455 -0.4972434 -0.2877435 -0.5207932 -0.52501 -0.50741994 -0.36069676 -0.42066956 -0.4377966 -0.11193456 -0.22781529 -0.28255305 -0.16651994 -0.086052515 -0.21051545 -0.26935577 -0.09202653 
-0.16099961 0.08185877 0.39549035 0.5432695 0.62468153 0.45547906 0.2524342 0.531024 0.77328 0.7385034 0.71155584 0.42595646 -0.14046977 -0.17355755 -0.11302938 0.7059147 0.91441965 0.9510779 1.0 0.7425835 0.77817225 0.8718366 0.65639025 0.8394227 0.805353 0.7512541 0.67226285 0.38061556 0.6304615 0.4618572 0.2539804 0.11023435 0.48854828 0.71208024 0.70663023 0.6010918 0.54513764 0.5037753 0.5596247 0.4000102 NaN NaN 0.09620201 -0.04731645 -0.20976104 -0.35180774 -0.342576 -0.53222793 -0.65191805 -0.48843732 -0.6536467 -0.3269053 -0.326496 -0.00625478 0.114007056 0.190601 0.1918792 0.20220229 0.24293996 0.13583781 0.09254848 0.013444811 -0.0048105493 -0.015494001 -0.12750678 -0.13284424 0.12776454 0.22888748 0.100118056 -0.01165161 -0.20365633 -0.49143848 -0.40478188 -0.28497592 -0.14426284 -0.14551784 -0.117547095 -0.5136955 -0.4055398 -0.6679182 -0.67592436 -0.605008 -0.10154417 0.07643894 0.063090585 -0.010103989 -0.305034 -0.42198345 -0.38889256 -0.039371185 -0.021469757 0.04029955 7.230747E-4 -0.120753564 -0.17161371 -0.56009203 -0.37168697 -0.22046567 -0.20957519 -0.4401627 -0.43607223 -0.27664605 -0.27265704 -0.107418574 -0.07482378 -0.29039234 -0.33999076 0.02731459 0.03174918 0.3058299 0.099863276 -0.16542524 -0.18583627 -0.34931213 -0.53079194 -0.50459874 -0.16020192 0.003018914 -0.23239619 -0.48239937 -0.56909174 -0.34719494 -0.5524492 -0.5659719 -0.5787734 -0.4279995 -0.4853133 -0.40847284 0.017553136 -0.13989642 -0.24042271 -0.06525828 0.056017738 -0.0771017 -0.20518011 -0.027080981 
-0.18748468 0.06899283 0.73358494 0.12638877 0.54596645 0.024114719 -0.2238252 0.08319343 0.7614805 0.8227098 0.8455293 -0.14209668 -0.5080698 -0.5334408 -0.50295895 0.40254688 0.8009508 0.65028715 0.7425835 1.0 0.9665315 0.7061494 0.18611473 0.6742562 0.7600979 0.7553061 0.5067739 -0.08163271 0.62158144 0.6631219 -0.07859884 -0.2766083 0.057752248 0.79806703 0.6798495 0.34611687 0.7447455 0.72102386 0.6196905 0.6649935 NaN NaN 0.5224829 0.1224384 0.07046273 -0.31969938 -0.49020275 -0.4546843 -0.5101567 -0.7235246 -0.75483626 -0.37326878 -0.43286225 0.2404638 0.29829204 0.47728175 0.45930094 0.43836758 0.4382348 0.38660735 -0.01685977 0.013534071 0.13706677 -0.18294345 -0.52886826 -0.29184225 0.4910769 0.4750414 0.43394104 -0.16059813 -0.55253106 -0.62508804 -0.58417153 -0.5281553 -0.44111454 -0.4455917 -0.49975774 -0.21967188 0.003220854 -0.72103715 -0.62291247 -0.7592986 -0.056456655 0.5011163 0.39633587 0.1286761 -0.046666354 -0.13809052 -0.744917 -0.41559708 -0.41648626 -0.38659993 -0.2529885 -0.49493337 -0.5552627 -0.6800393 -0.3291785 -0.61912274 -0.5606943 -0.68201995 -0.20763034 -0.6383997 -0.5349787 -0.41155818 -0.39453623 -0.6303833 -0.08997393 0.4251434 0.25252914 0.3127711 0.42161256 -0.012516272 -0.580085 0.040861543 -0.4012156 -0.580748 -0.16877158 0.36307463 0.10963211 -0.49100143 -0.70592695 -0.6432235 -0.30645296 -0.41958472 -0.61585224 -0.65561706 -0.70900625 -0.17074093 0.51458454 0.26054078 0.14697509 0.26014444 0.53915375 0.3452219 -0.100789696 -0.06012596 
-0.17589912 0.080566764 0.6864858 0.20865713 0.5610841 0.11178416 -0.13088106 0.1719943 0.78007215 0.8367761 0.8438051 -0.044668846 -0.459469 -0.50014186 -0.46315035 0.4217755 0.81771904 0.6909123 0.77817225 0.9665315 1.0 0.80768543 0.30812687 0.71796757 0.81639075 0.8050501 0.57520926 0.032204118 0.65128094 0.67570734 0.023024995 -0.16359557 0.17299996 0.83218145 0.7350482 0.43743008 0.75554943 0.73515034 0.6714238 0.67505175 NaN NaN 0.49797967 0.12650706 0.036815524 -0.35022166 -0.48313525 -0.505449 -0.57434916 -0.6979057 -0.7675651 -0.38098285 -0.41567037 0.19177626 0.27530953 0.4345008 0.4129432 0.3928159 0.4094548 0.32535803 -0.0051448937 -0.017101552 0.07679273 -0.17612033 -0.4538802 -0.28127107 0.4202493 0.4561225 0.37148935 -0.12157995 -0.49689952 -0.6255688 -0.57201356 -0.4963361 -0.39161003 -0.39235678 -0.42434844 -0.27949718 -0.0811035 -0.74221915 -0.66894585 -0.76130974 -0.05238497 0.44452372 0.34861627 0.109495744 -0.12020996 -0.22620606 -0.71279955 -0.34637523 -0.34364617 -0.30897895 -0.22149545 -0.438928 -0.4993292 -0.71321994 -0.3615229 -0.5552285 -0.50726724 -0.666209 -0.30314368 -0.6000159 -0.51251954 -0.36931053 -0.344579 -0.59455866 -0.17482387 0.33914366 0.19524954 0.33041865 0.3683004 -0.055516176 -0.51448077 -0.053768866 -0.47048342 -0.59669167 -0.19514202 0.2821079 0.024596939 -0.5227461 -0.7230003 -0.6119649 -0.38910738 -0.4821538 -0.64972526 -0.63802433 -0.70249844 -0.23716818 0.45212293 0.19125138 0.060034532 0.21719071 0.49827147 0.30932495 -0.10144962 -0.032408018 
-0.14396018 0.07176886 0.41221437 0.531187 0.64269334 0.46788162 0.26987293 0.53157216 0.7847677 0.7573886 0.7161857 0.35013 -0.15697643 -0.21415101 -0.17455566 0.5686905 0.82941246 0.84741706 0.8718366 0.7061494 0.80768543 1.0 0.7084906 0.8531305 0.8495923 0.82078433 0.72958505 0.4324681 0.7017121 0.5465493 0.32168204 0.17146021 0.53175294 0.76557124 0.7650894 0.63054276 0.6080888 0.56696236 0.6032099 0.47935468 NaN NaN 0.15046425 -0.023286248 -0.20688966 -0.36318174 -0.33569697 -0.5364224 -0.65095305 -0.471714 -0.6432925 -0.3227871 -0.32600304 -0.0016372699 0.121425115 0.20931108 0.1935658 0.19916555 0.23468857 0.11129902 0.024218494 -0.048645202 -0.049310036 -0.072069064 -0.14869635 -0.17655459 0.123926155 0.22352713 0.10709602 -0.008157383 -0.182038 -0.46647403 -0.37465453 -0.24766815 -0.102100424 -0.09855902 -0.09169756 -0.5079154 -0.3952539 -0.66963077 -0.6719574 -0.60151726 -0.11688869 0.11422655 0.08525724 -0.02373772 -0.32731727 -0.4407517 -0.4142313 -0.025345935 -0.009522357 0.02561337 -0.0027075016 -0.11042915 -0.16375475 -0.56580126 -0.3639599 -0.21694843 -0.19757721 -0.4335646 -0.48656547 -0.2883662 -0.2666573 -0.095137745 -0.059696965 -0.3064 -0.41112918 0.0053544394 -0.028027698 0.25628144 0.09726346 -0.20155953 -0.21505347 -0.36527187 -0.57403916 -0.5429725 -0.19196905 -0.0021295578 -0.2490496 -0.52043074 -0.59024113 -0.35614833 -0.58969283 -0.5983229 -0.6073057 -0.4418854 -0.5167668 -0.46207547 0.0251041 -0.18093166 -0.2958179 -0.11906527 0.0617267 -0.09284528 -0.2400658 -0.051575556 
-0.07335999 -0.042451844 -0.20239162 0.66276044 0.33538723 0.6693926 0.6812576 0.73873705 0.35548913 0.2792257 0.18133965 0.7298979 0.38774776 0.27707902 0.32501343 0.3760004 0.45562404 0.652639 0.65639025 0.18611473 0.30812687 0.7084906 1.0 0.6488609 0.52645165 0.47908124 0.5936586 0.81919426 0.32668033 0.027674356 0.52619326 0.6902796 0.80815226 0.28701964 0.38542777 0.5243677 0.06747238 0.053181946 0.21988769 0.13609862 NaN NaN -0.29646996 -0.2557286 -0.4983853 -0.28695846 0.026105165 -0.42774054 -0.5813675 0.097884975 -0.20169692 -0.12964506 -0.05814576 -0.33347026 -0.1438033 -0.18903609 -0.21545796 -0.17773566 -0.12224915 -0.26491112 0.059499208 -0.10012503 -0.24017166 0.13030237 0.43966234 0.11692592 -0.32317737 -0.10249111 -0.30519953 0.17308183 0.37601602 -0.1009799 0.026669586 0.22032587 0.40502244 0.42473957 0.49802193 -0.69340867 -0.7324216 -0.3707098 -0.5051895 -0.19635601 -0.1516899 -0.35392278 -0.2966301 -0.18901707 -0.54922295 -0.67372626 0.15232085 0.5334598 0.5571396 0.5829082 0.37835962 0.47126195 0.42848682 -0.21900788 -0.21456148 0.42216375 0.3865109 0.050296977 -0.69176716 0.23509087 0.18001007 0.37500754 0.4261013 0.21888705 -0.7022227 -0.4773199 -0.29773027 0.18058407 -0.25463682 -0.27019203 0.3850286 -0.64968705 -0.5193091 -0.22389342 -0.08393795 -0.36441338 -0.5384283 -0.32843965 -0.17142765 0.2096197 -0.67263085 -0.58186114 -0.3478566 0.033485323 -0.0478363 -0.6370083 -0.45487693 -0.5620291 -0.6705794 -0.4679432 -0.40070456 -0.4865922 -0.29636544 -0.041787505 
-0.25054094 -0.027972048 0.40381736 0.4630217 0.62148714 0.3580779 0.1979989 0.5018895 0.7971169 0.7681652 0.7276753 0.29531044 -0.2532546 -0.29129288 -0.25816593 0.5041538 0.78386915 0.81186056 0.8394227 0.6742562 0.71796757 0.8531305 0.6488609 1.0 0.93813264 0.90590864 0.85160583 0.44248727 0.79520035 0.59296554 0.28964195 0.10394945 0.46815264 0.75298417 0.7346885 0.559532 0.5903327 0.5314955 0.53396434 0.3928192 NaN NaN 0.10110753 -0.08704927 -0.22624148 -0.35626745 -0.36293104 -0.51133186 -0.6042586 -0.50550354 -0.63037044 -0.33457837 -0.2639335 0.094509035 0.20817117 0.28906253 0.2637129 0.26748693 0.28657854 0.18060032 0.06765707 0.021398457 0.046485737 -0.034045715 -0.19396718 -0.14710346 0.19626811 0.2811658 0.19942543 0.049542475 -0.24470979 -0.4828678 -0.39670044 -0.29171455 -0.16067582 -0.17061599 -0.15574443 -0.46555367 -0.31708673 -0.6494547 -0.64659774 -0.586756 -0.032372896 0.18280992 0.17977935 0.06531422 -0.20674992 -0.32406792 -0.43518236 -0.080045395 -0.056959696 0.016742626 0.05515598 -0.13928412 -0.20219457 -0.49164945 -0.2573257 -0.23037429 -0.2537514 -0.4776212 -0.35795054 -0.33074424 -0.32265753 -0.17224789 -0.14852878 -0.37525493 -0.36782286 0.06309527 0.0614925 0.29849106 0.16247813 -0.11343976 -0.25567713 -0.26266158 -0.47454917 -0.47755045 -0.08569572 0.10771648 -0.13756762 -0.44193825 -0.590792 -0.3949661 -0.5194569 -0.56548387 -0.5994967 -0.4741655 -0.53695494 -0.4224029 0.014049644 -0.15716912 -0.23377812 -0.13091022 0.012199422 -0.15619615 -0.33109224 -0.15802716 
-0.2579563 -0.02190706 0.51746196 0.36050937 0.6206557 0.244701 0.05910605 0.40247923 0.82916886 0.8376244 0.80622566 0.1736966 -0.38998002 -0.42392904 -0.39209032 0.48341697 0.8115939 0.78982025 0.805353 0.7600979 0.81639075 0.8495923 0.52645165 0.93813264 1.0 0.9750816 0.88426733 0.35573393 0.870842 0.7215524 0.24791811 -0.025070766 0.3575809 0.8201637 0.77603894 0.53195596 0.68911093 0.6288696 0.5919263 0.44711068 NaN NaN 0.22646469 -9.3146955E-4 -0.111317426 -0.35687298 -0.4434779 -0.5209533 -0.5919694 -0.6091515 -0.70028454 -0.38184318 -0.29139876 0.19027631 0.26847655 0.37917757 0.35705066 0.34843752 0.35895935 0.26722378 0.062726066 0.04316663 0.10141231 -0.06426982 -0.31460023 -0.19118966 0.3147608 0.36664134 0.30940247 0.034265522 -0.36073416 -0.547589 -0.47524363 -0.39309442 -0.2788293 -0.2879231 -0.29684627 -0.3795221 -0.19760105 -0.69114393 -0.6648303 -0.66010624 -0.012942028 0.3041126 0.2819557 0.12772314 -0.12878656 -0.24374364 -0.559121 -0.22320236 -0.19979998 -0.12707415 -0.04882779 -0.27791724 -0.34129018 -0.56702167 -0.27924687 -0.37894383 -0.38905326 -0.58510786 -0.29939482 -0.45636097 -0.43371463 -0.29140684 -0.2684654 -0.4919803 -0.2770847 0.18737993 0.13370961 0.32433438 0.26747158 -0.052901812 -0.3664806 -0.1595999 -0.44681934 -0.50675553 -0.08431308 0.21202967 -0.036908437 -0.45443985 -0.66036874 -0.51225847 -0.47388726 -0.5471665 -0.64833575 -0.58150554 -0.63877416 -0.3584527 0.1467047 -0.047573518 -0.12631844 -0.033735394 0.1355681 -0.049770985 -0.30812013 -0.15741786 
-0.29761946 -0.08590058 0.50531566 0.27699038 0.56936675 0.15489925 -0.013854266 0.34333894 0.8054761 0.82497054 0.7938201 0.10977596 -0.43670353 -0.4740954 -0.44801447 0.40684673 0.7650623 0.7292757 0.7512541 0.7553061 0.8050501 0.82078433 0.47908124 0.90590864 0.9750816 1.0 0.89138657 0.31313878 0.86819744 0.7250149 0.20164701 -0.061439905 0.29260024 0.7916211 0.7351739 0.46866858 0.6723788 0.6058302 0.5481301 0.41260144 NaN NaN 0.23970398 -0.009903444 -0.102257535 -0.35455152 -0.45736265 -0.51272327 -0.5773022 -0.62415844 -0.6984734 -0.3847615 -0.24854353 0.25455213 0.33309484 0.44463107 0.42143115 0.41404486 0.41659725 0.33154777 0.10534018 0.09694585 0.16649798 -0.021393107 -0.32386002 -0.15935715 0.37908348 0.42362937 0.37665054 0.06734646 -0.39846888 -0.5702661 -0.5035426 -0.4254728 -0.31280446 -0.32068643 -0.33179834 -0.34390596 -0.13797423 -0.6856708 -0.6566762 -0.65191454 0.044227198 0.37196544 0.35385686 0.18789586 -0.06372695 -0.1897128 -0.58349687 -0.26169696 -0.23922712 -0.15471937 -0.04015063 -0.30886036 -0.3816615 -0.5644131 -0.2498517 -0.40529436 -0.4309355 -0.6213354 -0.2588784 -0.49989462 -0.47345194 -0.34004724 -0.31784752 -0.5378678 -0.24061666 0.24647003 0.1950547 0.35941386 0.3401844 0.008952533 -0.39921898 -0.08950477 -0.407163 -0.48786476 -0.03435356 0.28630662 0.031696226 -0.42672125 -0.6639204 -0.5388685 -0.43573698 -0.5241616 -0.6487561 -0.60549515 -0.6595452 -0.3271527 0.1830254 -0.004212799 -0.08294451 -0.011516548 0.15175295 -0.041889112 -0.33554012 -0.19413634 
