1.0 0.82425797 0.6480507 0.52360636 0.7143689 0.20274043 0.7891437 0.685248 0.6267195 0.53060335 0.21469988 0.060928438 0.50136715 -0.12043503 -0.055174507 -0.44660437 -0.57847434 -0.63716936 -0.61648405 -0.5807824 -0.59960276 -0.60146177 -0.53305733 -0.6046001 -0.42838624 0.23993492 0.40561324 0.51494163 -0.5096002 -0.4904495 -0.54025555 0.351534 0.12922417 -0.5660802 -0.4447342 NaN NaN -0.45204446 -0.524333 -0.43465018 -0.550449 -0.6704054 -0.46446297 -0.6834429 -0.56725746 -0.61118346 0.38824415 -0.20910577 0.7394923 0.7941086 0.78381705 0.7868353 0.573248 0.78449285 0.82541436 0.024693709 0.8414157 0.857272 -0.038475025 -0.7142704 -0.69203395 -0.61599725 -0.6463791 -0.6975869 -0.36792365 -0.13569304 -0.40561208 -0.6673825 0.2659341 0.496704 -0.6580673 -0.7481783 -0.65406275 -0.68207926 -0.72898155 -0.697727 -0.2050253 -0.7312744 -0.75795394 -0.7486895 -0.5541322 -0.745117 -0.7146511 -0.71779895 -0.736163 -0.7221361 -0.7479968 -0.74077237 -0.69515496 -0.7171096 -0.446265 -0.6926986 -0.043773737 0.4439382 0.44511634 0.47744834 0.3346171 -0.685486 -0.5895645 -0.6371171 -0.5925875 -0.55841273 0.26616487 0.25579536 0.59918785 0.48386824 0.059030917 0.18158093 0.51214963 0.6250705 0.7036601 0.6714943 0.715071 0.61863387 -0.034296002 -0.37696883 -0.013770424 0.28630522 0.29052234 -0.06823021 0.6466555 0.5750274 0.5783563 0.6119889 0.67279774 0.40297332 -0.52466315 -0.54921204 -0.5181684 -0.42971247 -0.4612093 0.13332051 0.52569383 0.49496588 
0.82425797 1.0 0.81603247 0.72844774 0.95241016 0.41014335 0.89247334 0.82547635 0.8842413 0.8391234 0.5597376 0.40678117 0.7814878 0.174767 0.1221212 -0.33018443 -0.5731484 -0.70171094 -0.681897 -0.6040436 -0.63485813 -0.6188363 -0.4781122 -0.56665856 -0.27206668 0.54878455 0.7294608 0.750413 -0.45535088 -0.47201872 -0.5667721 0.42678842 0.11868833 -0.68850213 -0.6270811 NaN NaN -0.6324805 -0.7355307 -0.62850696 -0.66600126 -0.76999986 -0.5499317 -0.7974106 -0.6669626 -0.71292144 0.3328282 -0.30370247 0.68389237 0.7202117 0.76342386 0.8159479 0.618866 0.7595829 0.7610729 -0.081267215 0.7003021 0.7180793 -0.3461108 -0.8505202 -0.8317674 -0.7735739 -0.8021986 -0.817524 -0.40943778 -0.076754436 -0.3541687 -0.6493732 0.4080727 0.55652386 -0.73702466 -0.84937626 -0.7521931 -0.82256967 -0.85801816 -0.7860145 -0.169132 -0.787464 -0.82203144 -0.78509444 -0.5363654 -0.8136348 -0.8072597 -0.79024655 -0.85108566 -0.7885294 -0.8417993 -0.86450934 -0.8013215 -0.8124079 -0.5007355 -0.7741311 -0.05246448 0.5104579 0.55166775 0.6085194 0.41624522 -0.77281123 -0.70297796 -0.7601379 -0.7001123 -0.5905615 0.37354767 0.37618393 0.7436981 0.652888 0.16776769 0.31041652 0.6329322 0.74875987 0.797599 0.7935493 0.78946674 0.6765771 -0.048522078 -0.48990318 0.077679075 0.4151727 0.38891682 -0.018094381 0.7309175 0.68130356 0.6823734 0.7091967 0.75088894 0.38685346 -0.6733426 -0.6857801 -0.63716644 -0.46696374 -0.54229635 0.22807598 0.6315545 0.5615346 
0.6480507 0.81603247 1.0 0.98078656 0.8980157 0.79035103 0.7688997 0.80751795 0.8126481 0.7243493 0.42672706 0.29786554 0.46627653 0.37942502 -0.09114516 -0.44978318 -0.6117962 -0.61273056 -0.5650664 -0.57029223 -0.5856959 -0.5616225 -0.49257466 -0.48362556 -0.33546975 0.31252852 0.49678528 0.39149478 -0.41976324 -0.3752603 -0.35817912 0.20724458 -0.07137596 -0.51117885 -0.44579402 NaN NaN -0.4726111 -0.5756216 -0.6471781 -0.6701548 -0.6442233 -0.6188956 -0.6796958 -0.6784935 -0.6461203 0.04128455 -0.010241547 0.5923103 0.4801611 0.5166034 0.63044274 0.7618422 0.6962188 0.596759 0.22143969 0.43227124 0.49099937 -0.3662942 -0.7154124 -0.7423247 -0.62297225 -0.7743271 -0.7152303 -0.55397785 -0.29768232 -0.43977907 -0.4602042 0.14639597 0.24577133 -0.71407294 -0.6873417 -0.7192339 -0.6587709 -0.72836 -0.74602747 -0.3845954 -0.70133203 -0.73499954 -0.71219647 -0.66639954 -0.74411577 -0.7525649 -0.7516523 -0.7043152 -0.7059958 -0.7053485 -0.6935972 -0.7911403 -0.7680141 -0.7225748 -0.7147213 -0.42508575 0.10497645 0.27514246 0.38804108 0.24118848 -0.5696651 -0.57477677 -0.64020526 -0.5822961 -0.3228785 0.095668726 0.16985121 0.5377355 0.5624305 0.49007818 0.57173127 0.7316917 0.72908264 0.60536253 0.6710486 0.54404604 0.7338016 0.3540583 -0.17671692 0.32225183 0.62265235 0.5774038 0.4192753 0.5694079 0.39113635 0.42300737 0.43929967 0.58154416 0.28167775 -0.43538868 -0.5006644 -0.3748112 -0.24367015 -0.24984096 0.3880047 0.5752265 0.38625324 
0.52360636 0.72844774 0.98078656 1.0 0.85500264 0.8689825 0.7031821 0.7709922 0.7794281 0.69161177 0.42503133 0.3194574 0.40383092 0.44979614 -0.09842429 -0.4164245 -0.5660882 -0.55234045 -0.5032324 -0.5144138 -0.5302696 -0.49962363 -0.43868348 -0.4136242 -0.29163766 0.28470284 0.45877606 0.31684515 -0.36549956 -0.3208681 -0.28490904 0.14699675 -0.11143131 -0.44883496 -0.39876774 NaN NaN -0.42615572 -0.52642787 -0.6256924 -0.62908155 -0.5722108 -0.58839476 -0.61007607 -0.6338901 -0.5865381 -0.03611542 0.048504345 0.50740284 0.3708051 0.40942255 0.5334874 0.7314666 0.6112872 0.48822787 0.24602099 0.3067327 0.36416668 -0.39524418 -0.6442306 -0.6810272 -0.5631751 -0.72066677 -0.6402171 -0.5372295 -0.30635265 -0.4023206 -0.35812327 0.10160988 0.1722964 -0.64072347 -0.591221 -0.64640576 -0.58027303 -0.6446781 -0.6743633 -0.38409945 -0.6137478 -0.64950293 -0.62553245 -0.6200488 -0.6629766 -0.6797355 -0.67699593 -0.62281203 -0.626509 -0.61924106 -0.607602 -0.7299868 -0.7017184 -0.72080386 -0.6511988 -0.49089816 -0.0073013217 0.17737189 0.3039953 0.17468004 -0.49209157 -0.5245644 -0.58548623 -0.5310964 -0.24734445 0.018445145 0.10062308 0.44968835 0.50222665 0.5210626 0.58709157 0.68962187 0.6593541 0.5057938 0.58127403 0.43965632 0.6743613 0.40339556 -0.11937486 0.35935375 0.6305472 0.58360136 0.49097928 0.4927175 0.30053183 0.3357359 0.3479769 0.49394375 0.23386975 -0.35331503 -0.42131552 -0.2861131 -0.15122826 -0.16085903 0.42142487 0.5326839 0.32188815 
0.7143689 0.95241016 0.8980157 0.85500264 1.0 0.6095002 0.8876401 0.8761795 0.94506156 0.88739705 0.6166655 0.47172865 0.7523787 0.3164262 0.12414848 -0.31271902 -0.55684793 -0.67374134 -0.6471881 -0.5697069 -0.6070333 -0.58245736 -0.44218698 -0.5209075 -0.24606857 0.54630923 0.718927 0.6807581 -0.42537057 -0.43287578 -0.50972503 0.3755331 0.0662455 -0.6614132 -0.6099643 NaN NaN -0.627987 -0.72945654 -0.65854704 -0.6776859 -0.74907786 -0.57657737 -0.7811814 -0.6798934 -0.7061566 0.22974785 -0.22977914 0.62452507 0.59004796 0.6340154 0.71983546 0.63643634 0.6834316 0.653851 -0.04876763 0.54436755 0.5738472 -0.41400114 -0.8238726 -0.8193809 -0.75398105 -0.7943955 -0.78234607 -0.4265016 -0.105021834 -0.33098787 -0.55245084 0.37840077 0.49647096 -0.6973815 -0.7881654 -0.71315306 -0.7763852 -0.8070956 -0.7541082 -0.16520904 -0.7221777 -0.77085364 -0.73227674 -0.51973146 -0.77484024 -0.77053815 -0.747312 -0.81763923 -0.7518126 -0.7966879 -0.8206234 -0.7877185 -0.79686666 -0.5512897 -0.7672919 -0.17282341 0.37179205 0.44674292 0.5294889 0.36273023 -0.7319185 -0.68741083 -0.7449122 -0.6791307 -0.51840854 0.2884991 0.30919772 0.6822368 0.62341434 0.2453959 0.37239873 0.64756596 0.72364205 0.71057326 0.73247993 0.6954686 0.68817604 0.061757386 -0.42372224 0.17884178 0.50669444 0.4700248 0.121958315 0.6859322 0.5862164 0.59749705 0.62545544 0.7074887 0.38135716 -0.61363536 -0.6316498 -0.56347144 -0.3527549 -0.44820526 0.34026816 0.642346 0.5039156 
0.20274043 0.41014335 0.79035103 0.8689825 0.6095002 1.0 0.43681383 0.5696666 0.5762034 0.49147603 0.33290783 0.26216286 0.13629502 0.5307458 -0.1276073 -0.30922604 -0.37893987 -0.30938825 -0.25836512 -0.2981891 -0.3027769 -0.2741474 -0.26051024 -0.18551134 -0.17392363 0.12541279 0.24293508 0.035765186 -0.1867685 -0.12646286 -0.039661508 -0.019028498 -0.18298435 -0.19647603 -0.16407949 NaN NaN -0.20848419 -0.28665498 -0.47523636 -0.46108794 -0.33188748 -0.4743992 -0.3614202 -0.45773852 -0.3745304 -0.23227927 0.21692611 0.25316998 0.059878577 0.10564186 0.24588606 0.5948693 0.34117427 0.17155723 0.2977152 -0.040890295 0.034508146 -0.36457714 -0.3548035 -0.40799114 -0.29082388 -0.4757501 -0.362616 -0.4381692 -0.31232965 -0.28056243 -0.07629078 -0.052140918 -0.07290199 -0.4018734 -0.28298995 -0.40381292 -0.2798495 -0.34741467 -0.42016363 -0.3643563 -0.334519 -0.36420512 -0.35232252 -0.47537184 -0.3957496 -0.41555125 -0.413491 -0.3303714 -0.36994207 -0.3302151 -0.3072941 -0.50361997 -0.46226868 -0.6601983 -0.42170984 -0.6213839 -0.29398334 -0.074474655 0.046337407 -0.02281671 -0.23647794 -0.32279047 -0.37169185 -0.32660377 -0.012296873 -0.1769958 -0.057624448 0.15743193 0.26308367 0.5237293 0.54822206 0.49738985 0.40310958 0.19399753 0.29630163 0.12077603 0.4624029 0.4992214 0.07880355 0.39305153 0.5540482 0.47800657 0.5838768 0.19239968 0.0025350477 0.044923827 0.045539383 0.20464821 0.07220878 -0.080531634 -0.15444373 -0.0072082966 0.07062119 0.0961173 0.41125572 0.32174823 0.098802276 
0.7891437 0.89247334 0.7688997 0.7031821 0.8876401 0.43681383 1.0 0.94231236 0.8525044 0.73857474 0.36716175 0.22078443 0.6257302 0.043949448 -0.057128977 -0.43230224 -0.6144067 -0.6821876 -0.65408325 -0.60811555 -0.6365069 -0.6095347 -0.5219689 -0.5984521 -0.39823714 0.3656846 0.559741 0.6100338 -0.5274087 -0.5202959 -0.5644615 0.2905695 -0.009494532 -0.6449193 -0.5699179 NaN NaN -0.55015177 -0.6561032 -0.63440424 -0.6854202 -0.73195606 -0.59353304 -0.77290934 -0.71503025 -0.7351098 0.18398252 -0.34448883 0.6183155 0.6945979 0.6944443 0.7054588 0.54108274 0.6915906 0.67269963 -0.17059076 0.6375664 0.636159 -0.420506 -0.83559275 -0.80883753 -0.70845616 -0.78443366 -0.8004252 -0.5169222 -0.26851708 -0.52181697 -0.7197733 0.19445801 0.43703383 -0.7347401 -0.7811001 -0.7214514 -0.73590064 -0.783919 -0.751931 -0.26412418 -0.7478632 -0.7854682 -0.7624578 -0.58331496 -0.78149104 -0.7835017 -0.78004265 -0.7900037 -0.7664945 -0.79133546 -0.79236335 -0.78438246 -0.78535897 -0.53737473 -0.756332 -0.13574181 0.40775135 0.42730114 0.5043678 0.32156348 -0.7604281 -0.71008235 -0.7698752 -0.71076745 -0.6193888 0.19531277 0.17659426 0.6575826 0.54466045 0.13404813 0.27498898 0.61276704 0.74304456 0.82076484 0.7974818 0.8328513 0.7249865 0.021382803 -0.40472612 0.0891472 0.44199497 0.46738622 0.06976984 0.8374115 0.7657429 0.7778779 0.79466224 0.8343062 0.48546323 -0.56285274 -0.5917756 -0.5251088 -0.3295517 -0.40779915 0.40449157 0.81673455 0.7296146 
0.685248 0.82547635 0.80751795 0.7709922 0.8761795 0.5696666 0.94231236 1.0 0.9018554 0.7926799 0.45344698 0.30120775 0.5662748 0.23417473 -0.005690977 -0.32074502 -0.5157669 -0.5769127 -0.54151535 -0.49460045 -0.52552414 -0.47612375 -0.3977211 -0.4579163 -0.27951562 0.3794847 0.54788893 0.5210342 -0.41864657 -0.41699934 -0.45064425 0.21112739 -0.08697332 -0.5766761 -0.5464294 NaN NaN -0.55216664 -0.63887495 -0.6517559 -0.66856796 -0.6575878 -0.5967886 -0.7106658 -0.6931909 -0.6928663 0.056841422 -0.2935261 0.52387285 0.548591 0.5476977 0.5778631 0.50316066 0.5785299 0.5407098 -0.12339552 0.47623473 0.4838084 -0.48900318 -0.7705741 -0.7559889 -0.66056144 -0.74474776 -0.7289645 -0.5199406 -0.30763778 -0.51001906 -0.6125968 0.115684696 0.33413634 -0.6727481 -0.6814811 -0.66872805 -0.6723834 -0.7066017 -0.6788997 -0.28273633 -0.6618206 -0.70273197 -0.6785464 -0.5662535 -0.7066436 -0.7308813 -0.74707067 -0.727129 -0.7014706 -0.72285956 -0.7286827 -0.7726766 -0.7593915 -0.6077744 -0.7174128 -0.2763682 0.23217387 0.2899619 0.38789976 0.20795661 -0.7174325 -0.715389 -0.75505173 -0.6863879 -0.55233413 0.09154986 0.09713185 0.5680631 0.48474345 0.18316685 0.31015205 0.59440446 0.6983639 0.7220996 0.7314853 0.72435725 0.6996047 0.08156489 -0.36493793 0.106345005 0.46929297 0.50831354 0.17879468 0.77959234 0.6647985 0.69087213 0.70056367 0.77798206 0.43306217 -0.51546794 -0.5373676 -0.46413842 -0.24984641 -0.3519648 0.43549603 0.78734744 0.6684323 
0.6267195 0.8842413 0.8126481 0.7794281 0.94506156 0.5762034 0.8525044 0.9018554 1.0 0.9558963 0.73909974 0.5832167 0.7800058 0.45096862 0.27242348 -0.13406028 -0.4180286 -0.5790668 -0.55697805 -0.43770823 -0.48666683 -0.44142333 -0.28418416 -0.3868648 -0.09687036 0.6265394 0.756026 0.68508416 -0.32628682 -0.35914132 -0.46699452 0.34942815 0.043821707 -0.6473296 -0.6394477 NaN NaN -0.6751944 -0.75422865 -0.6593166 -0.650351 -0.7042209 -0.5508756 -0.7525486 -0.65325797 -0.6886957 0.16095643 -0.3090623 0.49981695 0.46873206 0.5017841 0.58093184 0.5047023 0.52958566 0.51648355 -0.1543129 0.41542652 0.43783036 -0.4894713 -0.7838629 -0.7752449 -0.73988515 -0.7232979 -0.70006466 -0.3358451 -0.03454677 -0.24609494 -0.4626736 0.39401844 0.49467963 -0.59639186 -0.70783657 -0.6257076 -0.7400401 -0.7299143 -0.65046054 -0.05223245 -0.60862124 -0.67040944 -0.6242398 -0.395572 -0.67809916 -0.6938649 -0.67821527 -0.7801045 -0.6784497 -0.74033445 -0.78204393 -0.73123586 -0.74671954 -0.49913067 -0.71818113 -0.1600594 0.337195 0.39848652 0.474298 0.30274493 -0.740932 -0.71665215 -0.7532185 -0.68020046 -0.53268075 0.27592966 0.29824078 0.6454687 0.57772183 0.18156813 0.31398618 0.57232046 0.65925217 0.6568027 0.6815222 0.65359735 0.62206197 -0.015975026 -0.47586995 0.15113853 0.48237386 0.47164533 0.10940095 0.6858428 0.59420174 0.6075009 0.63148355 0.7075139 0.39640823 -0.62641436 -0.6162098 -0.5738445 -0.30978653 -0.47223306 0.34083575 0.6417836 0.52136177 
0.53060335 0.8391234 0.7243493 0.69161177 0.88739705 0.49147603 0.73857474 0.7926799 0.9558963 1.0 0.8560502 0.71636176 0.84573996 0.54160255 0.435752 0.029716358 -0.28212127 -0.48810434 -0.47837597 -0.32484838 -0.3760779 -0.33728674 -0.15545234 -0.2723273 0.05736429 0.7269064 0.8176629 0.7287864 -0.21696578 -0.26990306 -0.41985118 0.37994176 0.10002332 -0.62669003 -0.6478346 NaN NaN -0.6964372 -0.7668588 -0.6280166 -0.60225976 -0.67261976 -0.49946144 -0.7131994 -0.58721995 -0.64226127 0.1754427 -0.35667655 0.40244997 0.37932622 0.424342 0.50537974 0.41313693 0.43393546 0.43861768 -0.18721893 0.3507177 0.36661756 -0.47715047 -0.7199006 -0.7082561 -0.7115861 -0.65126306 -0.6334508 -0.23091784 0.093275815 -0.109862186 -0.37614834 0.4768935 0.50713706 -0.5152448 -0.66167647 -0.55942637 -0.7114119 -0.69017 -0.585995 0.030896334 -0.55583495 -0.6054231 -0.5574875 -0.3055381 -0.62241215 -0.64392096 -0.6231151 -0.7546705 -0.62495506 -0.7023965 -0.7660016 -0.67995256 -0.69589937 -0.41059014 -0.6655378 -0.072181605 0.37879854 0.43004376 0.47868887 0.31013417 -0.7084422 -0.67803395 -0.7019959 -0.6345474 -0.50668824 0.3818474 0.40890297 0.65235543 0.59567034 0.15568209 0.27992314 0.5212751 0.6117782 0.6090045 0.6412608 0.60210115 0.53476936 -0.09645944 -0.50772005 0.13486244 0.4308196 0.4082235 0.028992543 0.61743873 0.5679337 0.57002777 0.5911873 0.6397509 0.3279885 -0.6440746 -0.6150018 -0.6040183 -0.35129383 -0.5332245 0.21079648 0.51677835 0.42612672 
0.21469988 0.5597376 0.42672706 0.42503133 0.6166655 0.33290783 0.36716175 0.45344698 0.73909974 0.8560502 1.0 0.91681325 0.78753376 0.6670713 0.68593043 0.39900976 0.085683964 -0.18552642 -0.19601217 0.003974928 -0.047968954 -0.011215161 0.19805078 0.07720626 0.42160586 0.81072867 0.78709084 0.6560607 0.105939336 -0.007875123 -0.20598635 0.36192104 0.16703261 -0.44286606 -0.54873556 NaN NaN -0.6312222 -0.6430465 -0.40948 -0.32506365 -0.40059388 -0.2287599 -0.43723157 -0.27312633 -0.36185038 0.14737792 -0.32242867 0.09819224 0.07205414 0.13650356 0.21789828 0.12468878 0.10071689 0.12385622 -0.2461355 0.06696652 0.07058455 -0.38447332 -0.4001286 -0.39369085 -0.5076661 -0.33014497 -0.2997961 0.0876055 0.35342196 0.2423352 -0.032440275 0.540682 0.41711965 -0.17740521 -0.3620527 -0.24569222 -0.49145535 -0.39860392 -0.23820736 0.2675695 -0.23051806 -0.26230407 -0.20464283 0.041898873 -0.28902578 -0.32269335 -0.3023367 -0.49289948 -0.2980668 -0.4165048 -0.52230525 -0.36462623 -0.3982838 -0.12235852 -0.37236646 0.06645138 0.3021337 0.31413937 0.3280573 0.20951213 -0.46784234 -0.46829882 -0.45192555 -0.39022982 -0.310634 0.429344 0.4594851 0.44767526 0.42814362 0.025774311 0.11587649 0.22833782 0.29071447 0.28521004 0.3204029 0.28483847 0.17456315 -0.2720376 -0.5366383 0.023135167 0.19493696 0.14849052 -0.12149724 0.27092636 0.30134135 0.2876104 0.30633456 0.30268803 0.104190305 -0.54606277 -0.45984513 -0.506911 -0.2801175 -0.51456374 -0.042440113 0.13011624 0.09302987 
0.060928438 0.40678117 0.29786554 0.3194574 0.47172865 0.26216286 0.22078443 0.30120775 0.5832167 0.71636176 0.91681325 1.0 0.7240273 0.6680085 0.66862935 0.47688335 0.18675153 -0.09855003 -0.12409997 0.06813754 0.005080606 0.061117157 0.26303834 0.14772731 0.4603293 0.7201427 0.71746594 0.56407255 0.14033897 -0.009120451 -0.20626011 0.22584738 0.08121321 -0.41830972 -0.55874455 NaN NaN -0.60176927 -0.57968426 -0.3220307 -0.19908017 -0.24724211 -0.10607768 -0.30760437 -0.1307571 -0.21598141 0.10466922 -0.31343383 -0.041075982 -0.0611116 0.006103972 0.08225022 0.01884015 -0.029300874 -0.013685871 -0.24593198 -0.06011413 -0.07303896 -0.34980676 -0.25105187 -0.25489378 -0.42627448 -0.19103007 -0.14484017 0.19699912 0.4065784 0.32944354 0.11093744 0.49100974 0.35266337 -0.0054624765 -0.18311322 -0.0587545 -0.38692585 -0.24519724 -0.051944267 0.31682 -0.0627508 -0.08799612 -0.026520815 0.18213251 -0.10624379 -0.16437373 -0.15901692 -0.33800837 -0.11254041 -0.24779868 -0.38303316 -0.19928677 -0.2354122 0.01610904 -0.17946294 0.108015105 0.22300884 0.23598251 0.27980787 0.17840222 -0.31013328 -0.35794187 -0.32247218 -0.2614151 -0.21010187 0.37038314 0.35760623 0.3160376 0.31996572 -0.04155589 0.027707495 0.091541015 0.14296196 0.13714537 0.16896066 0.13550258 0.046320707 -0.27160874 -0.509484 0.052961502 0.17953812 0.14645724 -0.08442504 0.15825422 0.1865505 0.16983087 0.18681532 0.1844546 0.086547226 -0.42955393 -0.31133544 -0.38442877 -0.11788853 -0.42197686 -0.03728071 0.030733496 -0.008391288 
0.50136715 0.7814878 0.46627653 0.40383092 0.7523787 0.13629502 0.6257302 0.5662748 0.7800058 0.84573996 0.78753376 0.7240273 1.0 0.3330044 0.5571458 0.1151873 -0.20795004 -0.5034636 -0.5217599 -0.32127646 -0.3931754 -0.37724364 -0.15859646 -0.34374544 0.043810852 0.7367885 0.8189335 0.84210896 -0.25463575 -0.35145688 -0.5641774 0.44609535 0.1951904 -0.697704 -0.69477636 NaN NaN -0.69993603 -0.7559927 -0.47487706 -0.45183697 -0.6303202 -0.3005076 -0.6638796 -0.42273688 -0.54858667 0.37516665 -0.47589004 0.36051184 0.4052267 0.44761637 0.4912757 0.22616221 0.35994783 0.4352468 -0.36107808 0.42632917 0.4128151 -0.32445356 -0.660574 -0.6327663 -0.7075276 -0.5249496 -0.568621 -0.020640614 0.31465474 0.0833578 -0.35709488 0.6632504 0.68959284 -0.36869627 -0.6324849 -0.4131985 -0.6978629 -0.63525397 -0.4685879 0.28261316 -0.4596348 -0.51289487 -0.45320827 -0.046171054 -0.49988902 -0.48657793 -0.42952543 -0.69155294 -0.49557212 -0.61049545 -0.70792365 -0.4694332 -0.5356289 -0.07984195 -0.5314052 0.25156534 0.60965514 0.56475735 0.57209224 0.44440064 -0.654856 -0.57595384 -0.6012685 -0.5460836 -0.55128914 0.541047 0.5163662 0.6621904 0.5510784 -0.07092766 0.064297326 0.3416339 0.4702526 0.5619217 0.5433819 0.5935637 0.37068725 -0.33444437 -0.6254714 0.051017433 0.27232546 0.25141123 -0.24285813 0.57962793 0.6094781 0.58633816 0.62310165 0.6148092 0.42128757 -0.66065836 -0.58612686 -0.6413925 -0.3293815 -0.5896785 0.14105754 0.42868885 0.4011764 
-0.12043503 0.174767 0.37942502 0.44979614 0.3164262 0.5307458 0.043949448 0.23417473 0.45096862 0.54160255 0.6670713 0.6680085 0.3330044 1.0 0.5399881 0.46021596 0.27286536 0.1478147 0.17100872 0.26144552 0.20605889 0.257676 0.34981486 0.3339755 0.41648078 0.44068518 0.3851772 0.13104255 0.22869793 0.20056108 0.12877133 0.0060211844 -0.11717697 -0.1365897 -0.25879228 NaN NaN -0.3509155 -0.3360572 -0.33303717 -0.22871883 -0.12678686 -0.2503252 -0.20870301 -0.23492672 -0.2440147 -0.3240825 -0.16036278 -0.18628472 -0.29322955 -0.24378698 -0.12750034 0.12502529 -0.10020785 -0.1731173 0.059258647 -0.31085163 -0.276014 -0.3278514 -0.09762152 -0.13697448 -0.19223282 -0.13804081 -0.041113336 0.03286971 0.12080282 0.21452661 0.30075938 0.1927604 0.010121496 0.010661897 -0.011634753 -0.04868753 -0.14541666 -0.08488931 -0.049655877 0.056551296 0.0116383545 -0.016176086 0.017973837 0.0038812237 -0.042476125 -0.10708154 -0.114412695 -0.17281027 -0.07169979 -0.12219076 -0.18039635 -0.24249683 -0.25525537 -0.3446749 -0.19338198 -0.41129905 -0.28463554 -0.17190374 -0.08471362 -0.14898114 -0.21270327 -0.34514698 -0.31148297 -0.26089716 -0.06848484 -0.027808996 0.07525807 0.07113588 0.18187231 0.2877483 0.31302103 0.19792517 0.14213763 -0.022726344 0.07256567 -0.07693844 0.08610429 0.118873574 -0.12097212 0.25968227 0.33574632 0.30676022 0.35151714 0.026716303 -0.064376585 -0.046459552 -0.0488921 0.025194518 -0.06173394 -0.13975418 -0.09806978 -0.08671503 0.05594748 -0.101068646 0.08015802 -0.0096241385 -0.110229105 
-0.055174507 0.1221212 -0.09114516 -0.09842429 0.12414848 -0.1276073 -0.057128977 -0.005690977 0.27242348 0.435752 0.68593043 0.66862935 0.5571458 0.5399881 1.0 0.77284414 0.5930653 0.26576152 0.2318973 0.48662192 0.39248228 0.36673683 0.52616316 0.3408222 0.5699903 0.5902118 0.42411277 0.4213787 0.35000396 0.2645815 0.021996893 0.33358938 0.31071904 -0.13300522 -0.22168154 NaN NaN -0.35540292 -0.2788673 -0.0079249535 -0.01635328 -0.161217 -0.015784422 -0.1797345 -0.0136386845 -0.15926413 0.06923214 -0.46703228 -0.2655608 -0.21013063 -0.18336926 -0.1763344 -0.33880958 -0.2949223 -0.19720252 -0.4040778 -0.12861933 -0.15139616 -0.04380952 0.0074249557 0.0533164 -0.11169083 0.18885389 0.11032035 0.4759783 0.5746349 0.55069155 0.19204357 0.53235304 0.37724578 0.284537 -0.009005428 0.2044529 -0.08636811 0.014250545 0.13303748 0.5321275 0.09720236 0.0734853 0.09839916 0.38225377 0.05275857 0.07183874 0.12886259 -0.14773777 0.0041666254 -0.10611394 -0.19604582 0.0072478093 -0.09632724 0.17897736 -0.114914715 0.18205863 0.15014006 0.0031080672 -0.040104467 -0.08527154 -0.36065322 -0.33278802 -0.26073658 -0.24982981 -0.34125423 0.28938058 0.28981596 0.07153862 0.01820985 -0.3451215 -0.27816948 -0.20818724 -0.13559444 -0.060749717 -0.06182439 -0.017286686 -0.21048239 -0.48117796 -0.40773574 -0.07525275 -0.116072245 -0.11311638 -0.36386606 -0.009331064 0.09890329 0.063765466 0.08515878 0.02757518 0.076100156 -0.25515464 -0.105599314 -0.2569552 -0.05217281 -0.32256138 -0.18371837 -0.15908806 -0.057094473 
-0.44660437 -0.33018443 -0.44978318 -0.4164245 -0.31271902 -0.30922604 -0.43230224 -0.32074502 -0.13406028 0.029716358 0.39900976 0.47688335 0.1151873 0.46021596 0.77284414 1.0 0.9114734 0.6686842 0.63442135 0.79294133 0.7187269 0.76464903 0.8558521 0.75659496 0.8298553 0.3485549 0.11671261 0.04830162 0.65763485 0.5594114 0.36780286 0.041892037 0.12808406 0.22614005 -0.0060783317 NaN NaN -0.12481882 0.024775028 0.24632381 0.35523957 0.35042742 0.3258625 0.32085595 0.3710385 0.2635979 -0.1964373 -0.37479112 -0.61542386 -0.51048285 -0.49300992 -0.5350676 -0.6429336 -0.63580847 -0.5596168 -0.3351303 -0.4526182 -0.5100356 0.048772305 0.47002798 0.48094863 0.23163839 0.53818405 0.5130733 0.58991265 0.44778207 0.556391 0.45689878 0.121808276 -0.0618291 0.5618347 0.45276016 0.5311531 0.2639728 0.43563893 0.5595013 0.42802584 0.4873592 0.51371247 0.5334235 0.56362253 0.4998336 0.42112038 0.3919328 0.28353038 0.437583 0.3305143 0.23076124 0.35695884 0.3138679 0.36692008 0.34351015 0.16381483 -0.14502674 -0.30280763 -0.32943362 -0.34946126 0.062148374 -0.0061220047 0.1366066 0.15581942 -0.011785493 0.03809019 -0.011721649 -0.26660752 -0.27562392 -0.42435658 -0.4222369 -0.5039142 -0.45369387 -0.38206506 -0.38609922 -0.34923136 -0.5465884 -0.49684975 -0.29094157 -0.2804981 -0.39082512 -0.3634718 -0.37162495 -0.33441862 -0.18726578 -0.21491073 -0.22251527 -0.3408004 -0.25902587 -0.0071058795 0.14119883 -0.013673304 0.045111194 -0.17896539 -0.42110604 -0.46707317 -0.33337542 
-0.57847434 -0.5731484 -0.6117962 -0.5660882 -0.55684793 -0.37893987 -0.6144067 -0.5157669 -0.4180286 -0.28212127 0.085683964 0.18675153 -0.20795004 0.27286536 0.5930653 0.9114734 1.0 0.8663258 0.8384501 0.9319823 0.8935225 0.89539784 0.88748324 0.84531206 0.7589447 0.067078 -0.19374156 -0.2170709 0.7117037 0.66979223 0.56009686 -0.068216994 0.11216494 0.49186352 0.30070516 NaN NaN 0.18782821 0.33579093 0.4127122 0.45962697 0.4942024 0.3486502 0.49268198 0.45110822 0.37269688 -0.3375241 -0.27507472 -0.72969246 -0.60038984 -0.59377575 -0.6627254 -0.72221655 -0.72776103 -0.6846471 -0.2762358 -0.5579898 -0.6110047 0.14977269 0.6765714 0.70477796 0.5265189 0.7304238 0.6794296 0.5645402 0.31406745 0.4964705 0.5147636 -0.09776442 -0.2840286 0.66556084 0.6369003 0.64900374 0.54691637 0.65522295 0.6784917 0.29876918 0.57877845 0.6336761 0.61627555 0.51590526 0.60688204 0.5477528 0.51959836 0.5019331 0.53715086 0.49128205 0.44992402 0.47185233 0.43750587 0.35550058 0.450058 0.054015838 -0.34812844 -0.5227276 -0.55685145 -0.5447032 0.2069183 0.12119027 0.27513793 0.25534764 0.081000105 -0.15876782 -0.20117946 -0.505856 -0.48720783 -0.4523699 -0.49359939 -0.6375874 -0.6127223 -0.5429762 -0.55246854 -0.5128925 -0.6703866 -0.39566037 -0.02608657 -0.2927369 -0.51536095 -0.4708206 -0.32702652 -0.51391697 -0.353404 -0.37900817 -0.39980265 -0.5365918 -0.39494884 0.26041108 0.38520217 0.2457027 0.1629829 0.06770384 -0.46378422 -0.59738517 -0.4286716 
-0.63716936 -0.70171094 -0.61273056 -0.55234045 -0.67374134 -0.30938825 -0.6821876 -0.5769127 -0.5790668 -0.48810434 -0.18552642 -0.09855003 -0.5034636 0.1478147 0.26576152 0.6686842 0.8663258 1.0 0.9875014 0.9363547 0.93300503 0.8952965 0.77677345 0.8363314 0.59198815 -0.20735832 -0.43395004 -0.47120538 0.64865196 0.66373485 0.6660327 -0.27006978 -0.05071169 0.61687094 0.4806949 NaN NaN 0.4761347 0.57301414 0.45250642 0.4690689 0.5985349 0.29883477 0.6059366 0.43407467 0.42224705 -0.49845073 -0.115449175 -0.7415316 -0.6099669 -0.60403746 -0.67830676 -0.6480692 -0.69504774 -0.7190441 -0.1544806 -0.6210113 -0.6574243 0.07943822 0.73323125 0.76233995 0.7102979 0.72575885 0.6974929 0.3567037 0.05077351 0.31132832 0.5188932 -0.35862997 -0.53617686 0.6152403 0.73658484 0.6253707 0.73962355 0.75385344 0.6736104 0.04954309 0.58165956 0.6611962 0.6145374 0.34100738 0.6332521 0.57650805 0.5187831 0.66050076 0.56534845 0.58561194 0.6080023 0.48689955 0.49749202 0.20892824 0.5305989 -0.16234004 -0.56946427 -0.67962337 -0.724464 -0.6951648 0.33235517 0.2057458 0.33653677 0.2856474 0.1807015 -0.4068586 -0.40871578 -0.67478865 -0.62669873 -0.34982005 -0.4342545 -0.64302266 -0.65402794 -0.61921716 -0.62084335 -0.6116544 -0.6992537 -0.2150149 0.27132645 -0.26076847 -0.5312142 -0.4694822 -0.12875353 -0.59815323 -0.46779108 -0.4771693 -0.5146746 -0.6434155 -0.5252307 0.54525155 0.621076 0.54052466 0.289956 0.37195155 -0.4095244 -0.61215085 -0.45913133 
-0.61648405 -0.681897 -0.5650664 -0.5032324 -0.6471881 -0.25836512 -0.65408325 -0.54151535 -0.55697805 -0.47837597 -0.19601217 -0.12409997 -0.5217599 0.17100872 0.2318973 0.63442135 0.8384501 0.9875014 1.0 0.9306193 0.92230266 0.8844601 0.75868595 0.8214736 0.5612523 -0.21335843 -0.43732348 -0.47462052 0.6469867 0.68108195 0.6970119 -0.25732267 -0.048918918 0.63353956 0.5046756 NaN NaN 0.49652076 0.5885268 0.4400366 0.44468328 0.58198506 0.27066454 0.5872654 0.40047923 0.39362705 -0.5240258 -0.103220776 -0.7173177 -0.5953232 -0.5898845 -0.6578699 -0.60622585 -0.66389006 -0.6987893 -0.13291661 -0.614134 -0.64471245 0.057463974 0.6987368 0.72361475 0.69619983 0.68485826 0.65628093 0.2954425 -0.009524791 0.2524217 0.48564923 -0.39532486 -0.5617005 0.5620135 0.7054 0.5726507 0.7271229 0.7251882 0.6231659 -0.0044967863 0.5425006 0.61936903 0.5728741 0.2842901 0.59419125 0.53655183 0.48651192 0.64432293 0.5294681 0.56257933 0.597839 0.44456863 0.45711294 0.14485222 0.48223197 -0.21831635 -0.5930319 -0.6913183 -0.7266368 -0.70564747 0.3089666 0.18356858 0.30424982 0.25735083 0.17687309 -0.42991105 -0.42624664 -0.66575813 -0.6086844 -0.30263186 -0.38869697 -0.6024969 -0.61895835 -0.5954697 -0.59331876 -0.5928896 -0.66222084 -0.16460203 0.30112422 -0.24749385 -0.50798976 -0.44753677 -0.08774324 -0.57963294 -0.46204174 -0.46721438 -0.5059301 -0.6290503 -0.53289884 0.54561967 0.60338485 0.5444202 0.27448136 0.38513225 -0.38793457 -0.58389956 -0.4452007 
-0.5807824 -0.6040436 -0.57029223 -0.5144138 -0.5697069 -0.2981891 -0.60811555 -0.49460045 -0.43770823 -0.32484838 0.003974928 0.06813754 -0.32127646 0.26144552 0.48662192 0.79294133 0.9319823 0.9363547 0.9306193 1.0 0.95877534 0.9360856 0.8854126 0.85464996 0.67604965 -0.018305471 -0.27578342 -0.2901688 0.66905105 0.67858064 0.61560357 -0.074453905 0.11270912 0.5283959 0.3859782 NaN NaN 0.308716 0.43702883 0.43550342 0.4326202 0.4770606 0.2828879 0.47703868 0.38689488 0.32692802 -0.40742874 -0.21709 -0.70612866 -0.59492457 -0.59365124 -0.65962607 -0.6684439 -0.70319927 -0.694824 -0.26957703 -0.58913684 -0.6287529 0.078907 0.6324402 0.66583735 0.57022935 0.6946413 0.63569343 0.43771437 0.17645979 0.39540225 0.47937986 -0.19940625 -0.3758415 0.6031927 0.62260866 0.5946521 0.6050259 0.6530534 0.6073104 0.18714182 0.52848715 0.57922184 0.5444683 0.39414346 0.5501992 0.5060769 0.4925059 0.5281916 0.488722 0.48048857 0.47887638 0.42740417 0.395756 0.2450333 0.39340737 -0.0694477 -0.44268882 -0.58723813 -0.6181495 -0.5969144 0.19527888 0.09553865 0.23192184 0.19997683 0.076873556 -0.24932745 -0.26069048 -0.5434678 -0.5124453 -0.3691568 -0.42847955 -0.59752434 -0.59881556 -0.55210614 -0.5529028 -0.52955055 -0.6422736 -0.29140502 0.12236106 -0.23854026 -0.48670998 -0.43230906 -0.21309584 -0.5271509 -0.39170787 -0.41006875 -0.4376636 -0.5644223 -0.43466914 0.37708864 0.4757707 0.37590197 0.22466758 0.21242285 -0.40110302 -0.5677967 -0.40880156 
-0.59960276 -0.63485813 -0.5856959 -0.5302696 -0.6070333 -0.3027769 -0.6365069 -0.52552414 -0.48666683 -0.3760779 -0.047968954 0.005080606 -0.3931754 0.20605889 0.39248228 0.7187269 0.8935225 0.93300503 0.92230266 0.95877534 1.0 0.96422386 0.8777481 0.88876873 0.6694472 -0.07324208 -0.328555 -0.34863043 0.68004763 0.68579525 0.6578385 -0.13179456 0.07361102 0.61608523 0.4715185 NaN NaN 0.4016301 0.5196442 0.4625061 0.45991525 0.53094465 0.29145464 0.53819364 0.41121054 0.3745594 -0.43020144 -0.14848864 -0.7111471 -0.59053856 -0.58472145 -0.6531865 -0.6532881 -0.6923236 -0.7016812 -0.23544677 -0.60107625 -0.63831484 0.042456757 0.65888524 0.698535 0.63493454 0.6995919 0.65464276 0.39279583 0.11918449 0.35898814 0.48637867 -0.2692299 -0.45594767 0.58325756 0.65050876 0.57178205 0.6591705 0.6866716 0.62277234 0.123943254 0.5386863 0.6081283 0.56223357 0.36044034 0.56905967 0.5235768 0.48720768 0.57387835 0.49327764 0.5115186 0.5270571 0.44109672 0.43988156 0.22895592 0.4425952 -0.09385367 -0.47795716 -0.61279845 -0.6581688 -0.6404867 0.24829441 0.1341902 0.26312488 0.22942108 0.11098867 -0.30350563 -0.3029765 -0.5953746 -0.5591349 -0.3643991 -0.43346712 -0.61824197 -0.6205425 -0.5738213 -0.5773699 -0.560641 -0.67620826 -0.2789147 0.17519005 -0.2772563 -0.5337025 -0.47590932 -0.19588993 -0.562837 -0.4197159 -0.43708315 -0.4693569 -0.6059175 -0.50712407 0.42633155 0.51291543 0.4238993 0.21253832 0.2580991 -0.4327217 -0.59718347 -0.4372307 
-0.60146177 -0.6188363 -0.5616225 -0.49962363 -0.58245736 -0.2741474 -0.6095347 -0.47612375 -0.44142333 -0.33728674 -0.011215161 0.061117157 -0.37724364 0.257676 0.36673683 0.76464903 0.89539784 0.8952965 0.8844601 0.9360856 0.96422386 1.0 0.9411647 0.9424345 0.74482214 -0.017189978 -0.26771376 -0.3232693 0.70093054 0.69018716 0.6463732 -0.14217176 0.030602803 0.5827971 0.38435414 NaN NaN 0.29728365 0.44573256 0.44864073 0.5011821 0.5865108 0.35849306 0.57442975 0.4587355 0.4198069 -0.4367788 -0.14213066 -0.69997334 -0.59254104 -0.59011173 -0.6547423 -0.64232826 -0.69202334 -0.69841033 -0.20168397 -0.605546 -0.65237826 0.035093192 0.65896255 0.6745066 0.55697715 0.6733203 0.6623541 0.409128 0.116034776 0.3352729 0.49464777 -0.30310345 -0.4697949 0.56339926 0.64842474 0.56210756 0.5724909 0.6587482 0.63585776 0.11410642 0.56731576 0.6300111 0.5991057 0.38188475 0.5988997 0.51269275 0.45485154 0.5512438 0.5227564 0.5188859 0.5129061 0.444577 0.4549127 0.24978234 0.48174235 -0.075416595 -0.47570795 -0.59782696 -0.61014825 -0.60645574 0.28735557 0.1477449 0.2968434 0.2877961 0.16256993 -0.28236964 -0.30961397 -0.5461212 -0.50316477 -0.32822725 -0.39254013 -0.5865708 -0.58747727 -0.55212724 -0.5511403 -0.5419211 -0.64378273 -0.26937032 0.08304915 -0.3115717 -0.51831365 -0.46528876 -0.19856754 -0.54348874 -0.41302642 -0.42693776 -0.4613704 -0.59728944 -0.52398074 0.33008212 0.41478142 0.33528218 0.16188891 0.16169344 -0.45484358 -0.58425045 -0.4399929 
-0.53305733 -0.4781122 -0.49257466 -0.43868348 -0.44218698 -0.26051024 -0.5219689 -0.3977211 -0.28418416 -0.15545234 0.19805078 0.26303834 -0.15859646 0.34981486 0.52616316 0.8558521 0.88748324 0.77677345 0.75868595 0.8854126 0.8777481 0.9411647 1.0 0.93987095 0.8401613 0.20303017 -0.049082316 -0.11711392 0.72020465 0.67466354 0.55888313 0.022960935 0.15033633 0.45592225 0.22181928 NaN NaN 0.09502115 0.25791013 0.39622146 0.48403254 0.49924734 0.392854 0.4838477 0.4561446 0.3811846 -0.29514658 -0.19223595 -0.619315 -0.5378817 -0.52916825 -0.5754267 -0.60807997 -0.64771223 -0.62108064 -0.25493172 -0.53590876 -0.58947283 0.0077174213 0.53647226 0.54182136 0.35459733 0.5862363 0.5729372 0.47088867 0.24802545 0.41364527 0.4460486 -0.13136676 -0.3089343 0.5111068 0.5168281 0.49848822 0.37976775 0.51938874 0.572115 0.23697087 0.50922656 0.5540512 0.5513265 0.4495306 0.5329019 0.43564352 0.4021289 0.41607866 0.46710926 0.42065686 0.37406784 0.39222297 0.38477433 0.3318146 0.4097689 0.07750903 -0.2992079 -0.44061595 -0.44444945 -0.44874164 0.20117673 0.08876544 0.24015962 0.25441554 0.11542151 -0.07618861 -0.11540502 -0.37015197 -0.33957323 -0.31995305 -0.36080915 -0.51466674 -0.5048041 -0.46631896 -0.4633675 -0.45250306 -0.5946503 -0.38042605 -0.13013677 -0.32657126 -0.48110312 -0.45310456 -0.29244873 -0.47316536 -0.3332709 -0.35729644 -0.38358217 -0.5262462 -0.4811119 0.1166048 0.22340767 0.12796187 0.042342044 -0.039469674 -0.4856681 -0.560614 -0.42428732 
-0.6046001 -0.56665856 -0.48362556 -0.4136242 -0.5209075 -0.18551134 -0.5984521 -0.4579163 -0.3868648 -0.2723273 0.07720626 0.14772731 -0.34374544 0.3339755 0.3408222 0.75659496 0.84531206 0.8363314 0.8214736 0.85464996 0.88876873 0.9424345 0.93987095 1.0 0.8214292 0.06187776 -0.16968383 -0.29166183 0.7632743 0.7263114 0.6877167 -0.13891986 0.013528991 0.6053871 0.36195764 NaN NaN 0.26404962 0.39675277 0.39801404 0.5076675 0.62424237 0.3816233 0.6103954 0.48699838 0.46349454 -0.41749817 -0.056501314 -0.6682858 -0.5795402 -0.55817205 -0.6000384 -0.55339277 -0.6384012 -0.6662483 -0.10464898 -0.60831267 -0.6517447 -0.034984313 0.6316627 0.6338112 0.4999902 0.6038421 0.6303218 0.35954255 0.10076096 0.33189604 0.5102142 -0.30714506 -0.508583 0.50529456 0.62247396 0.49677625 0.5110361 0.61066604 0.6150991 0.06716331 0.55490583 0.63280255 0.6177011 0.36393827 0.5941763 0.4909625 0.41541198 0.5367826 0.51983345 0.51360905 0.49621564 0.4175562 0.45743817 0.24033488 0.52135056 -0.077874206 -0.47523054 -0.5569209 -0.56576824 -0.57356584 0.33916193 0.17651561 0.32185924 0.31579515 0.23633611 -0.24399285 -0.25594485 -0.5140271 -0.44451058 -0.23498571 -0.31366044 -0.5339499 -0.55251324 -0.5488813 -0.5326762 -0.5596494 -0.65134764 -0.27078396 0.023536166 -0.33649978 -0.50944555 -0.48346433 -0.16203764 -0.57605976 -0.4410643 -0.45558342 -0.49535918 -0.63788134 -0.62962013 0.25603616 0.33262753 0.27798188 0.07867369 0.109089226 -0.5143347 -0.62968886 -0.5128387 
-0.42838624 -0.27206668 -0.33546975 -0.29163766 -0.24606857 -0.17392363 -0.39823714 -0.27951562 -0.09687036 0.05736429 0.42160586 0.4603293 0.043810852 0.41648078 0.5699903 0.8298553 0.7589447 0.59198815 0.5612523 0.67604965 0.6694472 0.74482214 0.8401613 0.8214292 1.0 0.5277766 0.28086782 0.14034522 0.83440846 0.73394793 0.5750352 0.19081327 0.27140352 0.38296652 0.09369578 NaN NaN -0.060154025 0.0779873 0.2904682 0.42015272 0.42682162 0.39086223 0.41696903 0.44251883 0.36169598 -0.12289713 -0.13793893 -0.47066173 -0.4052052 -0.3693013 -0.38366714 -0.4477188 -0.48821792 -0.46392855 -0.16037029 -0.41338378 -0.4747419 -0.09597007 0.39372352 0.3855146 0.16947362 0.3931969 0.4088134 0.3884306 0.2746948 0.40806875 0.37752455 -0.008429168 -0.21214887 0.37825543 0.36793387 0.3476668 0.18623044 0.3403993 0.45401722 0.22128266 0.3861495 0.44163787 0.462979 0.417122 0.4321298 0.32242867 0.27832678 0.26917273 0.3666381 0.29001024 0.21954004 0.28582934 0.29830828 0.32159594 0.3441863 0.17431977 -0.13841797 -0.22572371 -0.25463498 -0.28930584 0.1593629 0.04833827 0.1984413 0.20428433 0.11204553 0.07479084 0.028433481 -0.21977092 -0.19366127 -0.27311528 -0.28838646 -0.4079028 -0.38500735 -0.360396 -0.35405204 -0.37187186 -0.5402318 -0.45495665 -0.3187658 -0.43514606 -0.4857982 -0.49061856 -0.35911733 -0.41626325 -0.26408008 -0.29272324 -0.3187337 -0.47452754 -0.5588311 -0.13214159 -0.02667095 -0.10754797 -0.18594754 -0.24976718 -0.56640005 -0.53726393 -0.42002288 
0.23993492 0.54878455 0.31252852 0.28470284 0.54630923 0.12541279 0.3656846 0.3794847 0.6265394 0.7269064 0.81072867 0.7201427 0.7367885 0.44068518 0.5902118 0.3485549 0.067078 -0.20735832 -0.21335843 -0.018305471 -0.07324208 -0.017189978 0.20303017 0.06187776 0.5277766 1.0 0.9211612 0.8605025 0.2967543 0.20501348 -0.031832386 0.69380647 0.51507163 -0.30058613 -0.44530305 NaN NaN -0.5861788 -0.56067914 -0.22246568 -0.17853765 -0.35278475 -0.06326808 -0.36679137 -0.15786117 -0.271649 0.35005063 -0.2698995 0.25962704 0.2659909 0.3090894 0.35964826 0.15507469 0.21604672 0.26843312 -0.21899238 0.23412736 0.20156842 -0.32691738 -0.45443392 -0.4528909 -0.5730501 -0.37692732 -0.39842063 0.018481128 0.27264908 0.14215781 -0.19777167 0.5102855 0.44906384 -0.25429735 -0.44677213 -0.31713027 -0.55805945 -0.4676568 -0.31096798 0.22635959 -0.3117044 -0.34691095 -0.28820133 0.020374142 -0.3277555 -0.35967302 -0.32013172 -0.5187797 -0.36730075 -0.46976873 -0.54209507 -0.3588601 -0.39778423 0.007713463 -0.4052351 0.2974906 0.47783202 0.43706095 0.4479409 0.33532122 -0.47242963 -0.44063473 -0.40287733 -0.35574755 -0.33880487 0.5251199 0.48487005 0.5207369 0.46026435 -0.05839414 0.0397764 0.20231026 0.28858748 0.33187592 0.32426256 0.32450208 0.11997042 -0.4157114 -0.66135216 -0.24811059 -0.031454712 -0.07085159 -0.34698662 0.25009936 0.3138168 0.2825124 0.29298356 0.21551716 -0.09533017 -0.7178824 -0.63564104 -0.6572574 -0.50574327 -0.63366234 -0.16460234 0.12462736 0.14773813 
0.40561324 0.7294608 0.49678528 0.45877606 0.718927 0.24293508 0.559741 0.54788893 0.756026 0.8176629 0.78709084 0.71746594 0.8189335 0.3851772 0.42411277 0.11671261 -0.19374156 -0.43395004 -0.43732348 -0.27578342 -0.328555 -0.26771376 -0.049082316 -0.16968383 0.28086782 0.9211612 1.0 0.9173605 0.06973229 -0.031773064 -0.23770794 0.63588905 0.3991131 -0.4902357 -0.59868896 NaN NaN -0.6697705 -0.67706054 -0.36472428 -0.3114547 -0.46861026 -0.17158121 -0.5028029 -0.29001692 -0.3771948 0.4045242 -0.2555025 0.42809266 0.43423668 0.4880399 0.5465386 0.3452981 0.4205294 0.44649103 -0.17823169 0.37804165 0.35566032 -0.43031204 -0.63987404 -0.64344114 -0.7282779 -0.59136295 -0.59659743 -0.16968775 0.14532156 -0.04955684 -0.34805706 0.493718 0.5122041 -0.4301762 -0.59354824 -0.47184584 -0.7140527 -0.63724506 -0.47587863 0.094931155 -0.47416577 -0.51743215 -0.4522248 -0.14295185 -0.48365375 -0.52308017 -0.49407363 -0.6468484 -0.49110764 -0.5952115 -0.67827153 -0.5106562 -0.5324783 -0.1292075 -0.49998784 0.23726551 0.53847754 0.5722298 0.6251484 0.46814632 -0.53247267 -0.51735747 -0.51224995 -0.44768068 -0.38264093 0.5261063 0.4731352 0.64898074 0.5880977 0.042887237 0.15699226 0.36847353 0.45997182 0.4930027 0.49124882 0.47861582 0.30472714 -0.31606704 -0.6762095 -0.15598755 0.13886228 0.099623226 -0.22331393 0.42173374 0.43510354 0.41457424 0.43130335 0.39739007 0.06917645 -0.7460869 -0.69220304 -0.6949264 -0.49160582 -0.64566463 -0.009704989 0.32014993 0.29745004 
