1.0 0.8759612 0.93043023 0.8978326 0.817767 0.8135844 0.7833587 0.64569914 -0.5588722 -0.63002026 -0.12221955 0.6801377 0.77417135 0.82736164 0.8107563 0.79539263 0.623413 0.057436347 -0.44600132 -0.5740833 0.22960827 0.24815954 -0.043069493 -0.56748265 0.30855563 0.76016027 0.81547725 0.8566058 0.8997227 0.86620456 0.86331916 0.76761854 0.76628584 0.81760067 0.85859656 0.8596413 0.8679515 0.8756118 0.8293407 0.8065632 0.705035 0.8900689 0.8682845 0.8679061 0.8740474 0.6789186 0.12476932 -0.14194007 -0.66881645 -0.6191724 -0.57504743 -0.37941226 0.5303122 0.2345159 -0.61151 -0.6408313 0.38068786 -0.3323444 -0.3241348 NaN NaN -0.3335834 -0.60843813 -0.7704763 -0.36194196 -0.86703855 -0.86749136 -0.8633484 -0.86748147 -0.8590713 -0.37037647 -0.4880339 -0.80024153 -0.06611995 -0.05134054 -0.82402796 -0.35339147 -0.8251621 -0.80361646 -0.7878748 -0.7515642 -0.7810886 -0.8098753 -0.6758492 -0.6585331 -0.7638068 -0.60623264 -0.65476125 0.7397606 0.74955416 0.68963915 -0.6050313 -0.7797318 -0.8430917 -0.83224154 -0.8384408 -0.8372221 -0.5643254 -0.8409275 -0.5807974 -0.8094264 -0.810629 -0.8549513 -0.8508353 -0.83530253 -0.09922675 0.6731963 0.6965789 0.7401928 0.74698174 0.70447725 0.7448027 -0.18985005 -0.61049956 -0.80581766 -0.8324776 0.23213676 -0.81429344 -0.7862478 -0.039418742 -0.84681356 -0.840072 -0.83635616 -0.82522297 -0.80487615 -0.7968137 -0.28909594 -0.84361434 -0.83756477 -0.8064925 0.35092622 -0.09356069 -0.61263764 -0.71257156 0.173792 0.6478659 0.54346114 0.76906043 0.75431275 0.3940542 -0.5355276 -0.6253355 -0.82152236 0.17136708 0.5046131 -0.73675096 -0.79901814 -0.7839476 -0.63304406 0.763851 0.8256961 0.6146806 -0.68230647 -0.769462 -0.59480083 0.5605005 -0.18282777 0.7860161 0.8448895 0.8750536 0.57369626 -0.3419368 -0.7476152 -0.7402051 -0.76185673 -0.7622312 -0.34827623 0.6967326 -0.31336224 -0.4689772 -0.1824809 NaN 
0.8759612 1.0 0.9448992 0.9449931 0.93210286 0.8396879 0.7444899 0.6720737 -0.31248397 -0.41468322 0.03869839 0.5237859 0.732766 0.7685444 0.80603623 0.67990893 0.5817317 0.3372145 -0.21990944 -0.36860612 0.18657038 0.18410018 -0.12852047 -0.3835764 0.32408053 0.7351979 0.5726935 0.65725166 0.76964486 0.85520077 0.6562466 0.5216974 0.53598326 0.62678975 0.7043147 0.71817803 0.6933849 0.7309252 0.8081585 0.8545539 0.79843867 0.78777957 0.65962225 0.64075404 0.7580623 0.7054033 0.33830312 -0.029837687 -0.5040418 -0.45944157 -0.4033878 -0.2248814 0.45795998 0.23826131 -0.43100074 -0.45003614 0.23575526 -0.2903046 -0.19202872 NaN NaN -0.2934231 -0.4939741 -0.6781078 -0.44188672 -0.7415419 -0.7544758 -0.7390953 -0.7714068 -0.70819396 -0.37046403 -0.36911097 -0.6010756 0.025820076 -0.086613014 -0.6857099 -0.44572255 -0.68535554 -0.68922323 -0.74176806 -0.7017581 -0.6606402 -0.7405285 -0.70412433 -0.6642504 -0.6623082 -0.59571177 -0.5620352 0.4678525 0.49582258 0.5667 -0.45692125 -0.76375467 -0.7227328 -0.7148934 -0.74046826 -0.75467855 -0.58634937 -0.7061887 -0.50498325 -0.6928172 -0.7685854 -0.762155 -0.7399625 -0.70824736 -0.11623753 0.46768957 0.5674953 0.61218685 0.64315295 0.64425194 0.52040476 -0.21144648 -0.6760377 -0.7759026 -0.7505099 -4.6332616E-6 -0.72843397 -0.6774141 -0.23596624 -0.75522566 -0.7697189 -0.75430566 -0.7227176 -0.69507885 -0.67794794 -0.42342043 -0.7710178 -0.7748285 -0.75829685 0.15516397 -0.06967103 -0.47356808 -0.5356405 0.19952424 0.45798525 0.58236206 0.5641581 0.56111014 0.11470402 -0.6456979 -0.67792916 -0.7265518 -0.058307584 0.26428276 -0.6746625 -0.7241637 -0.67719406 -0.46400762 0.5158269 0.7537734 0.54776126 -0.5730093 -0.67795944 -0.55180013 0.34267595 -0.043500073 0.59047335 0.68070257 0.72208726 0.51672834 -0.29702646 -0.60778844 -0.663381 -0.6970446 -0.6591549 -0.30049422 0.57565236 -0.19525583 -0.3811259 -0.1371345 NaN 
0.93043023 0.9448992 1.0 0.97507787 0.94652766 0.904923 0.8394623 0.7433086 -0.40408668 -0.50592434 0.021423852 0.6650482 0.821684 0.86169547 0.87066764 0.79616827 0.67317647 0.24938434 -0.3158074 -0.47977266 0.26704752 0.28111216 -0.035698965 -0.46369922 0.3895299 0.8042636 0.7128294 0.77783597 0.8590892 0.87592405 0.754743 0.62211365 0.6353131 0.7037254 0.7844697 0.80035454 0.79620445 0.8276349 0.8526272 0.8383526 0.750544 0.8498128 0.76865727 0.7491357 0.82854754 0.7186293 0.24537846 -0.06468355 -0.59276986 -0.54074156 -0.4903898 -0.29801548 0.5110206 0.2575212 -0.5184288 -0.5487384 0.3203698 -0.35029387 -0.32415366 NaN NaN -0.35066715 -0.5686506 -0.7342448 -0.37945852 -0.80860174 -0.8154707 -0.8081459 -0.82334715 -0.78556764 -0.33006823 -0.39303985 -0.69609106 0.023673719 -0.047858648 -0.7547846 -0.38674295 -0.7759856 -0.7719321 -0.7847767 -0.7412091 -0.7494298 -0.8069332 -0.712374 -0.67870986 -0.74335784 -0.65750575 -0.6523082 0.5938312 0.6089967 0.6115409 -0.55498856 -0.7984058 -0.8049745 -0.79656684 -0.8118814 -0.81740916 -0.5853782 -0.7935517 -0.55862623 -0.76432467 -0.80689305 -0.836815 -0.8244603 -0.805606 -0.12289661 0.55947447 0.61141485 0.64977676 0.6628074 0.6457187 0.61677116 -0.23025571 -0.6723711 -0.8202316 -0.8164211 0.11630004 -0.8022006 -0.76541793 -0.13894315 -0.8212144 -0.8276516 -0.8184262 -0.7963951 -0.7755099 -0.76744586 -0.3638825 -0.8279425 -0.8220714 -0.8018448 0.2590266 -0.08465874 -0.5615166 -0.65818524 0.15609494 0.55416787 0.5627559 0.66776204 0.6585863 0.25203282 -0.6180442 -0.67605966 -0.7926014 0.06006394 0.4023732 -0.71439004 -0.7784533 -0.7527256 -0.5745615 0.64845616 0.7947783 0.59893304 -0.63470834 -0.7384633 -0.58087 0.47465962 -0.12362788 0.7038871 0.7702697 0.79358995 0.5190206 -0.3536512 -0.7061718 -0.7277695 -0.743346 -0.73220986 -0.31358185 0.6591671 -0.2543574 -0.4219031 -0.15006512 NaN 
0.8978326 0.9449931 0.97507787 1.0 0.9595637 0.9088842 0.8334033 0.7453894 -0.3758488 -0.48652652 0.038041033 0.63510454 0.8122925 0.8564858 0.87509924 0.78306997 0.6583598 0.2781498 -0.2917001 -0.46625513 0.2643411 0.2759224 -0.05174805 -0.4307163 0.40511844 0.80375963 0.67207605 0.7436801 0.8426948 0.8819965 0.74251306 0.6072804 0.61614686 0.6951133 0.7689638 0.78650457 0.776216 0.81002146 0.84564745 0.837205 0.7448569 0.8387374 0.75105774 0.73476446 0.8312262 0.7486477 0.30932724 -0.008137974 -0.54525936 -0.4820645 -0.42978507 -0.22696821 0.5491175 0.31814098 -0.46171162 -0.4942851 0.3213892 -0.37927815 -0.35505095 NaN NaN -0.38198116 -0.5840275 -0.742111 -0.4098597 -0.797846 -0.8133317 -0.80161697 -0.8261219 -0.77303433 -0.34937337 -0.4026318 -0.6834714 0.0077179475 -0.07696537 -0.7557272 -0.42257628 -0.77646106 -0.7813789 -0.80217206 -0.7599881 -0.7543073 -0.8215142 -0.729914 -0.69264686 -0.7563714 -0.7066386 -0.700825 0.57581705 0.59839666 0.6130018 -0.5538996 -0.8013464 -0.7984101 -0.7930013 -0.8129217 -0.8101376 -0.5843269 -0.7798904 -0.566789 -0.7674675 -0.81589335 -0.8390184 -0.8263053 -0.8110041 -0.11754346 0.5744809 0.64915144 0.68552744 0.69780606 0.6830797 0.6313271 -0.19820413 -0.65330917 -0.8169698 -0.81733006 0.1064592 -0.80671364 -0.7644085 -0.15251385 -0.8135858 -0.8336502 -0.82557416 -0.7980127 -0.7787974 -0.7705608 -0.37116256 -0.8180225 -0.80547106 -0.782519 0.28133118 -0.042417016 -0.51506054 -0.6167549 0.22617613 0.584054 0.6212475 0.68026555 0.6744367 0.2539735 -0.6269314 -0.68348557 -0.79592043 0.044734217 0.39553097 -0.71580994 -0.78594035 -0.7613135 -0.59522074 0.64271694 0.81624866 0.607717 -0.6329026 -0.73694086 -0.5959939 0.46754354 -0.102436766 0.7084203 0.7839103 0.7900387 0.47155514 -0.42626178 -0.72231543 -0.7577006 -0.7753791 -0.7528266 -0.35917062 0.62514764 -0.29813623 -0.45049688 -0.2220452 NaN 
0.817767 0.93210286 0.94652766 0.9595637 1.0 0.90486753 0.8189322 0.77042454 -0.22157559 -0.3328388 0.16127105 0.60977507 0.8029323 0.8197209 0.8424967 0.73446727 0.654758 0.39841434 -0.16557431 -0.3370642 0.30629387 0.32566565 0.04191822 -0.29762954 0.4533875 0.78182876 0.58769566 0.67836463 0.78066915 0.82197315 0.62380296 0.48087224 0.49881998 0.57009655 0.66273594 0.69009733 0.67685705 0.7162157 0.79520386 0.80200464 0.7246965 0.7471808 0.635059 0.6109387 0.7483042 0.7146239 0.3427274 0.03780394 -0.45190552 -0.40225115 -0.3544089 -0.16823243 0.4731901 0.27463204 -0.38657233 -0.41603473 0.28412896 -0.29532734 -0.26488417 NaN NaN -0.28294286 -0.46241972 -0.61955434 -0.35305002 -0.7081088 -0.7153876 -0.70355356 -0.71562505 -0.68001205 -0.2919202 -0.30086407 -0.58669454 0.037261736 -0.0592977 -0.6460472 -0.3716712 -0.66421276 -0.6655802 -0.68947905 -0.65491617 -0.64215547 -0.7104813 -0.6391122 -0.59048975 -0.6476724 -0.61651963 -0.5884173 0.44283205 0.46923435 0.49099222 -0.52608454 -0.75734246 -0.73411834 -0.7321051 -0.75091374 -0.7576105 -0.5905928 -0.72887176 -0.5460309 -0.7127734 -0.7636033 -0.77251524 -0.7531059 -0.7379662 -0.17994085 0.42208388 0.49246344 0.5271438 0.5483457 0.546875 0.47086573 -0.31044748 -0.69515216 -0.7918222 -0.7415817 0.008914164 -0.74860895 -0.70537746 -0.22763252 -0.7518124 -0.7710064 -0.7686146 -0.74796605 -0.7298949 -0.73239154 -0.44139895 -0.78872633 -0.7799972 -0.7843477 0.14318879 -0.12374404 -0.5288367 -0.60516375 0.09840716 0.4246928 0.502828 0.5303221 0.52037483 0.12604554 -0.5861655 -0.6277705 -0.72748214 -0.03411861 0.29430005 -0.65825474 -0.7228972 -0.70048505 -0.5260298 0.51633054 0.7050726 0.5136847 -0.5820623 -0.6850109 -0.565302 0.35711473 -0.106716335 0.582377 0.65273833 0.66843116 0.41727677 -0.39004287 -0.6528354 -0.696842 -0.7016695 -0.6674757 -0.31595227 0.5569347 -0.18124893 -0.3241284 -0.11310248 NaN 
0.8135844 0.8396879 0.904923 0.9088842 0.90486753 1.0 0.9673887 0.9100019 -0.32639155 -0.4997361 0.21743909 0.8326239 0.9240166 0.94316196 0.9413315 0.9095746 0.87622994 0.33615556 -0.24943477 -0.5348599 0.4359047 0.4297397 0.10058838 -0.49666607 0.5875107 0.9039685 0.7083598 0.7212742 0.7791124 0.74110055 0.65705043 0.51311445 0.5278862 0.57873726 0.7054299 0.736677 0.75778294 0.8163498 0.8637201 0.7460937 0.6213467 0.78892726 0.71429175 0.6777867 0.7930217 0.69593555 0.19814341 -4.4135208E-4 -0.6537672 -0.5666159 -0.5354112 -0.31718373 0.55658734 0.32403377 -0.55090666 -0.56842715 0.44849977 -0.39384857 -0.4675075 NaN NaN -0.4800899 -0.62778246 -0.70474434 -0.15543544 -0.7589587 -0.778876 -0.7859211 -0.76425844 -0.74439114 -0.05876028 -0.17098752 -0.64120245 0.2526558 0.1692427 -0.6937666 -0.18638304 -0.80342686 -0.8130412 -0.7398325 -0.66153216 -0.80416673 -0.82516015 -0.65081125 -0.6372883 -0.80850136 -0.6980341 -0.7060313 0.58160007 0.57956046 0.6044091 -0.49617252 -0.75533974 -0.8023012 -0.7977812 -0.81422067 -0.7872039 -0.47196025 -0.8081253 -0.49848306 -0.73558205 -0.73785573 -0.8363382 -0.8350601 -0.8259028 -0.016986577 0.52249193 0.5238547 0.5253753 0.5112502 0.49187574 0.56250376 -0.18287122 -0.654135 -0.7871419 -0.85116714 0.22055638 -0.78980714 -0.7770857 -0.020886544 -0.825108 -0.8190249 -0.79978704 -0.7930247 -0.79160005 -0.777544 -0.24333043 -0.7767198 -0.7802805 -0.73111224 0.33117753 -0.020408724 -0.5448613 -0.6940419 0.14519924 0.5339383 0.47963023 0.60289913 0.5932221 0.29991564 -0.61377114 -0.65919834 -0.74670386 0.2453861 0.53697884 -0.6182291 -0.71361125 -0.7083413 -0.5772089 0.6579272 0.7256627 0.63281214 -0.54673034 -0.67999583 -0.47259808 0.5830181 -0.18557891 0.7234293 0.7335991 0.7186507 0.47608024 -0.33700916 -0.7137257 -0.67409205 -0.687667 -0.7592311 -0.19386937 0.6897792 -0.3390534 -0.50886977 -0.19544454 NaN 
0.7833587 0.7444899 0.8394623 0.8334033 0.8189322 0.9673887 1.0 0.9186196 -0.35884145 -0.5366967 0.23492263 0.91717607 0.94369984 0.947653 0.9225751 0.94382477 0.9263887 0.27892652 -0.27227044 -0.5866142 0.50682026 0.5001092 0.19964205 -0.5404645 0.6346306 0.91020024 0.76682144 0.74133325 0.75497 0.65476805 0.65284497 0.52369934 0.5370448 0.55928034 0.68734473 0.71585125 0.7596348 0.8159582 0.8255211 0.67049766 0.52030694 0.75537044 0.7192736 0.6896031 0.78733677 0.6563461 0.11008295 -0.0041551366 -0.70324737 -0.6055691 -0.58154553 -0.34714565 0.5924475 0.3523695 -0.58865774 -0.6076574 0.5468851 -0.39095706 -0.5187687 NaN NaN -0.5147763 -0.6573871 -0.6897727 -0.029484624 -0.7583104 -0.77061445 -0.78860414 -0.74058115 -0.7499779 0.06039141 -0.100501284 -0.6514255 0.3174511 0.2882987 -0.6713962 -0.05385231 -0.820365 -0.82079875 -0.6947344 -0.6058961 -0.8263014 -0.8120919 -0.5785371 -0.5768735 -0.8057241 -0.66430223 -0.7053214 0.65330786 0.6384798 0.62278616 -0.48680115 -0.68375254 -0.8079226 -0.7984348 -0.80799615 -0.7624439 -0.38750568 -0.81452435 -0.45816934 -0.71930015 -0.684246 -0.82200795 -0.8353366 -0.838276 0.039667547 0.5623087 0.5084536 0.4938354 0.46102515 0.42926776 0.586214 -0.15820146 -0.5925788 -0.75431514 -0.85281026 0.33766788 -0.77831686 -0.78202665 0.09233128 -0.8293473 -0.80919707 -0.79089326 -0.79228675 -0.79863864 -0.7820638 -0.15243666 -0.76206434 -0.7569234 -0.7026156 0.39955673 -0.026229331 -0.5882087 -0.75905395 0.083584264 0.54870063 0.3909186 0.6142406 0.6000715 0.3887168 -0.5460328 -0.60653925 -0.7389192 0.36295456 0.62079424 -0.59864634 -0.6998118 -0.70664483 -0.60322285 0.7012011 0.6778698 0.6069908 -0.5504108 -0.6781444 -0.45416272 0.62560165 -0.28622615 0.7353058 0.71592265 0.6955354 0.45288107 -0.32596987 -0.73703516 -0.6586105 -0.6619856 -0.7725389 -0.17360602 0.7078327 -0.39082363 -0.54604733 -0.20764239 NaN 
0.64569914 0.6720737 0.7433086 0.7453894 0.77042454 0.9100019 0.9186196 1.0 -0.08686659 -0.3299831 0.4553602 0.83447695 0.8535123 0.8448995 0.8134761 0.81772053 0.89415276 0.44008145 -0.072369225 -0.44851333 0.5734308 0.5082731 0.20019507 -0.40091336 0.70017177 0.8090988 0.5716951 0.5453795 0.58817905 0.51306516 0.45194912 0.31860468 0.32910526 0.35732475 0.49334705 0.5294433 0.56892496 0.63123816 0.69310015 0.56356114 0.43222073 0.5878502 0.52294624 0.49476725 0.6479237 0.58801275 0.19635075 0.14514948 -0.56588495 -0.44877425 -0.43643147 -0.21238174 0.5397942 0.37886295 -0.43677798 -0.44202128 0.5460469 -0.34086958 -0.42867833 NaN NaN -0.49810818 -0.5571526 -0.5658496 0.0560441 -0.6199026 -0.6507695 -0.6665978 -0.62107515 -0.60625523 0.16406196 0.05817156 -0.49066794 0.37955466 0.36018485 -0.5274345 0.03432012 -0.69812065 -0.71245337 -0.5631649 -0.46214682 -0.72220826 -0.70106876 -0.4839599 -0.48215163 -0.7186691 -0.5623533 -0.5993497 0.46678787 0.44016063 0.49395826 -0.37354013 -0.6306144 -0.7002287 -0.70077115 -0.72245616 -0.6711066 -0.31524137 -0.71316016 -0.35892606 -0.60769933 -0.59258413 -0.73872 -0.7407936 -0.72491294 0.08930356 0.4125733 0.36435017 0.34308708 0.317442 0.3062886 0.43346408 -0.08528039 -0.52698565 -0.6537743 -0.7578852 0.28314924 -0.6528683 -0.6569539 0.06953328 -0.73640174 -0.71458447 -0.6993992 -0.7024544 -0.71183956 -0.6825795 -0.13075773 -0.6557286 -0.6774689 -0.60548884 0.31118476 0.027162263 -0.46103662 -0.6396996 0.083150424 0.41514194 0.33096075 0.44528905 0.4358706 0.26265946 -0.56123 -0.59021163 -0.6207396 0.33594245 0.5427946 -0.48147762 -0.57601863 -0.5777742 -0.47607318 0.5606086 0.54806066 0.55135113 -0.41366658 -0.55933213 -0.35870063 0.5070224 -0.30361974 0.5813103 0.5478852 0.5389862 0.42159507 -0.24509758 -0.6322151 -0.56129986 -0.5780152 -0.69310975 -0.07008227 0.62473667 -0.31515774 -0.49334952 -0.13984524 NaN 
-0.5588722 -0.31248397 -0.40408668 -0.3758488 -0.22157559 -0.32639155 -0.35884145 -0.08686659 1.0 0.92946994 0.5951364 -0.41804558 -0.40241033 -0.4704324 -0.4447492 -0.52145076 -0.2777988 0.440897 0.7100879 0.6742589 0.07064168 0.024289126 0.17687114 0.7036701 0.045053486 -0.46595156 -0.6542882 -0.61294764 -0.5585153 -0.4645101 -0.6489246 -0.6197985 -0.61138844 -0.6209046 -0.63674957 -0.62919176 -0.6575222 -0.6456796 -0.5253572 -0.43316674 -0.3564775 -0.62502986 -0.67981726 -0.6809209 -0.5624929 -0.33597788 0.19293697 0.36720604 0.6464336 0.63058084 0.62905854 0.49738264 -0.35514963 -0.062126145 0.6361958 0.6888337 -0.24855834 0.19145858 0.33108413 NaN NaN 0.25893286 0.49675605 0.55346835 0.10785617 0.6086783 0.5762373 0.608855 0.57220805 0.66049457 0.20098177 0.37646228 0.6812213 0.054348394 -0.018534504 0.635941 0.12683055 0.6201561 0.57053685 0.5112057 0.46223158 0.56833404 0.5428035 0.34070602 0.35519734 0.5012802 0.31298855 0.4168235 -0.72385925 -0.7210017 -0.65065604 0.25568402 0.28632054 0.45693782 0.43037874 0.41155347 0.38008124 0.048872363 0.46105176 0.16762912 0.37081394 0.3299462 0.44890237 0.49112996 0.51228935 -0.14055364 -0.65067315 -0.60650194 -0.6019555 -0.574981 -0.519997 -0.65353143 0.007089341 0.260937 0.43430275 0.52215225 -0.39817178 0.47943515 0.4515368 -0.30276832 0.5032716 0.4158276 0.4142452 0.4137613 0.41570085 0.38085887 -0.15647596 0.43211105 0.41089505 0.3823171 -0.50123835 -0.093814336 0.33083773 0.4571259 -0.20700665 -0.5814547 -0.33288753 -0.6449482 -0.6560612 -0.5339673 0.20750949 0.32666335 0.53397006 -0.29706177 -0.5231882 0.42218798 0.49307427 0.49212304 0.43055767 -0.6337847 -0.5725344 -0.451597 0.46718013 0.50442976 0.34000885 -0.5381553 0.12198089 -0.6332615 -0.64161074 -0.6533707 -0.44684204 0.075657405 0.4566701 0.37010157 0.3770494 0.45392415 0.10080549 -0.5563436 0.27528605 0.37503088 0.14040558 NaN 
-0.63002026 -0.41468322 -0.50592434 -0.48652652 -0.3328388 -0.4997361 -0.5366967 -0.3299831 0.92946994 1.0 0.44165277 -0.5627374 -0.5460158 -0.61035186 -0.5744337 -0.6490393 -0.47795385 0.28209153 0.6563645 0.77512205 -0.06449338 -0.038743153 0.18872707 0.8077347 -0.13601443 -0.61352473 -0.6873868 -0.6245113 -0.5928805 -0.4979154 -0.6475449 -0.58393556 -0.5747476 -0.597407 -0.6501949 -0.65363246 -0.6893834 -0.7018677 -0.62629277 -0.50370264 -0.4066922 -0.68437195 -0.7055314 -0.70036614 -0.6494468 -0.43981913 0.10939115 0.25693753 0.7652616 0.6891896 0.69325984 0.48806038 -0.505015 -0.20760438 0.69675106 0.7437813 -0.40375328 0.276758 0.43404967 NaN NaN 0.44139463 0.63659215 0.66035116 0.013233904 0.69182 0.68206275 0.72672755 0.6755654 0.7409926 0.062205378 0.24670151 0.7179192 -0.12801747 -0.1958466 0.7020741 0.046771836 0.768154 0.73573834 0.59542733 0.49240327 0.73434055 0.6854905 0.4124031 0.43156204 0.6694024 0.40078092 0.5407919 -0.76903564 -0.7593959 -0.7715405 0.20536457 0.37892115 0.5684745 0.5416974 0.5373197 0.47199905 -0.0031002113 0.55827755 0.12246838 0.41990468 0.38325173 0.576856 0.62525207 0.6348778 -0.27072027 -0.7121001 -0.6591336 -0.63865787 -0.6011155 -0.55284876 -0.71389073 -0.082511656 0.32627174 0.5160801 0.6833551 -0.5066583 0.550565 0.53283143 -0.39155257 0.63716656 0.5352176 0.5184498 0.52283543 0.5340877 0.4671287 -0.22774726 0.49214673 0.5020323 0.42617875 -0.6044049 -0.2041808 0.333769 0.5228246 -0.3038458 -0.662912 -0.43214867 -0.6910273 -0.70865756 -0.5794327 0.37534046 0.48917273 0.62271637 -0.42208365 -0.6595093 0.459871 0.55779254 0.55456996 0.47670484 -0.7179569 -0.66215557 -0.6024329 0.46580988 0.56109965 0.3431821 -0.64663357 0.18698502 -0.71573436 -0.70122117 -0.71351165 -0.5529183 0.06460024 0.548325 0.42471668 0.45082027 0.5932296 0.011579412 -0.6983419 0.36269194 0.5456789 0.17630833 NaN 
-0.12221955 0.03869839 0.021423852 0.038041033 0.16127105 0.21743909 0.23492263 0.4553602 0.5951364 0.44165277 1.0 0.22763768 0.16624255 0.1099244 0.08789669 0.05684008 0.34516525 0.6453701 0.6036715 0.2755834 0.5340391 0.4040049 0.36365354 0.3096488 0.54935175 0.08879963 -0.21552007 -0.22205622 -0.15740499 -0.16005161 -0.32820034 -0.3841104 -0.3733532 -0.37707958 -0.30550566 -0.2782762 -0.25962138 -0.20799358 -0.073173456 -0.081101395 -0.084658794 -0.19564019 -0.2865368 -0.29525295 -0.08312614 0.0786557 0.306107 0.5300507 0.2026996 0.29701063 0.29008403 0.3499732 0.119051225 0.29429334 0.29850206 0.33500057 0.28231776 -0.058204018 -0.016266746 NaN NaN -0.15454395 0.033382196 0.14904216 0.30668738 0.13136715 0.07685088 0.074211426 0.12866157 0.16505651 0.40530255 0.45056435 0.23782118 0.35385844 0.31514636 0.21088575 0.25604033 0.0515194 0.003013461 0.12045955 0.17457205 -0.03148646 0.022041326 0.061036292 0.06883477 -0.03387425 -0.0016775425 -0.022267705 -0.25778377 -0.29822063 -0.17887822 0.017144801 -0.056699637 -0.036865022 -0.037502438 -0.06795452 -0.005465293 0.008904712 -0.04588676 0.036949627 -0.0075788815 -0.0152818905 -0.066165976 -0.045524944 -0.007757301 0.10286008 -0.23400937 -0.2605807 -0.29095334 -0.30420652 -0.26895604 -0.24369524 0.016944919 -0.045748007 0.008948351 -0.037605923 -0.013186997 0.019583287 -0.026207754 -0.0489442 -0.056135915 -0.07139278 -0.058002796 -0.078397766 -0.098323554 -0.08377736 -0.04160325 -0.029639272 -0.05159969 -0.0135156335 -0.13025686 0.030939668 0.008201833 -0.016985698 -0.08770323 -0.19258715 -0.11042531 -0.25153297 -0.25773203 -0.16056775 -0.15137249 -0.08087301 0.04517551 0.09948216 0.008178813 0.06778955 0.06723683 0.054028247 0.035397436 -0.15511723 -0.17827123 -0.033465635 0.1088249 0.03923906 0.042649373 -0.1006543 -0.21342172 -0.15899786 -0.21917246 -0.23375925 -0.086928785 -0.04111965 -0.060659572 -0.027436005 -0.053648856 -0.10654059 0.068262674 -0.067021444 -0.023798618 -0.07170448 0.03462685 NaN 
0.6801377 0.5237859 0.6650482 0.63510454 0.60977507 0.8326239 0.91717607 0.83447695 -0.41804558 -0.5627374 0.22763768 1.0 0.88513744 0.8748965 0.8081283 0.91983116 0.90952265 0.118026346 -0.31869054 -0.62252057 0.5764815 0.57098883 0.33353096 -0.5759984 0.61946785 0.83142304 0.80800533 0.7378021 0.68787473 0.48762253 0.60949826 0.51458627 0.5264813 0.5057294 0.6257581 0.6467039 0.7203172 0.76429063 0.70867 0.4949375 0.32146674 0.65688616 0.69010574 0.66267323 0.692268 0.51166654 -0.077725984 -0.050737336 -0.7164634 -0.62342745 -0.61708575 -0.41120526 0.52155125 0.2935688 -0.61856365 -0.63542587 0.60946023 -0.34994006 -0.53873783 NaN NaN -0.50381374 -0.62869114 -0.5821583 0.18443406 -0.66925853 -0.6723051 -0.70930463 -0.623054 -0.6877647 0.21038756 -0.033442765 -0.63420624 0.32280207 0.38134813 -0.58700424 0.14717093 -0.7672649 -0.75538146 -0.5604247 -0.46937 -0.7745277 -0.7101239 -0.41923627 -0.4437909 -0.740592 -0.5509136 -0.6375614 0.7020125 0.6622869 0.55905133 -0.46933582 -0.52216655 -0.730049 -0.7208559 -0.71339566 -0.6476293 -0.24130452 -0.7609109 -0.39508063 -0.6497518 -0.55082947 -0.72525275 -0.75098616 -0.7686271 0.079413176 0.54173183 0.41398528 0.38490626 0.33248222 0.28415468 0.55894864 -0.15165433 -0.4671965 -0.63298976 -0.76582104 0.46144179 -0.69894964 -0.7366941 0.23613144 -0.74892247 -0.70062983 -0.6893969 -0.7096369 -0.72801363 -0.7225516 -0.010579782 -0.6631348 -0.6500185 -0.5937465 0.4438624 -0.060513988 -0.6078963 -0.78802425 -0.030363925 0.50777817 0.20897643 0.57034665 0.54768676 0.4888174 -0.36710653 -0.43882445 -0.648428 0.51450044 0.7018995 -0.50892806 -0.59792286 -0.6354013 -0.60983026 0.7048712 0.5275351 0.5045321 -0.5045572 -0.6012716 -0.3688442 0.66891116 -0.384025 0.7153975 0.6461984 0.6210604 0.41180438 -0.2469567 -0.689025 -0.54775286 -0.5387319 -0.7056162 -0.09350215 0.6779201 -0.4431529 -0.5577487 -0.20458733 NaN 
0.77417135 0.732766 0.821684 0.8122925 0.8029323 0.9240166 0.94369984 0.8535123 -0.40241033 -0.5460158 0.16624255 0.88513744 1.0 0.9654173 0.93283653 0.9290564 0.88720524 0.2786076 -0.27922472 -0.5579437 0.4877385 0.49925354 0.20143789 -0.5186919 0.5896024 0.9236945 0.7898248 0.78676414 0.80705416 0.7131965 0.675138 0.5442761 0.5679303 0.58341587 0.71369296 0.7444921 0.780228 0.83309114 0.8596961 0.7345155 0.5945728 0.7954757 0.7453774 0.7150394 0.81194746 0.69569457 0.14736153 -0.00762717 -0.66623336 -0.5798968 -0.5489198 -0.31231657 0.5993396 0.37650323 -0.54172665 -0.5691674 0.53696203 -0.38153452 -0.504307 NaN NaN -0.5073583 -0.6576785 -0.6803528 -0.05317064 -0.7394261 -0.7482492 -0.77000594 -0.72857416 -0.7402335 0.016135806 -0.14377464 -0.65327144 0.26707542 0.2251861 -0.6666092 -0.11843415 -0.80593884 -0.8094546 -0.70997727 -0.63601685 -0.8079602 -0.8095879 -0.5935974 -0.5848709 -0.7868201 -0.68720007 -0.72107315 0.66158366 0.65790874 0.6190742 -0.50129694 -0.6633692 -0.7876492 -0.77480036 -0.7835472 -0.73990595 -0.3973063 -0.7886376 -0.49435222 -0.7293622 -0.69662887 -0.80838466 -0.8217419 -0.83152366 -0.023618713 0.54634494 0.50633 0.50315475 0.4747176 0.44496623 0.56623787 -0.24871859 -0.6252149 -0.776346 -0.8426193 0.27433652 -0.79826343 -0.7967808 0.039310154 -0.81003517 -0.8022128 -0.7869235 -0.7805582 -0.7861797 -0.7850571 -0.21046518 -0.77245826 -0.753241 -0.7140119 0.35306945 -0.0707813 -0.6042067 -0.752257 0.047180105 0.51620585 0.37870175 0.61078566 0.59217924 0.34071422 -0.543474 -0.5889556 -0.7454455 0.28020048 0.5436386 -0.6426838 -0.7232058 -0.73092014 -0.64810544 0.65532714 0.64515823 0.5235598 -0.60808957 -0.69842356 -0.5166877 0.54924196 -0.27792567 0.72054416 0.71889395 0.70049715 0.42731482 -0.3548566 -0.72868776 -0.66099113 -0.6610585 -0.7549601 -0.19439659 0.7083963 -0.39670783 -0.5391145 -0.23507285 NaN 
0.82736164 0.7685444 0.86169547 0.8564858 0.8197209 0.94316196 0.947653 0.8448995 -0.4704324 -0.61035186 0.1099244 0.8748965 0.9654173 1.0 0.9756598 0.9581799 0.8842701 0.23494484 -0.34628507 -0.6081972 0.4242981 0.4313253 0.09976107 -0.5736537 0.55763227 0.94854057 0.82793194 0.82498896 0.8620464 0.78142 0.75558275 0.6197557 0.63356286 0.6661908 0.78944355 0.8204638 0.8530823 0.8974219 0.9127172 0.7771288 0.63819104 0.86676204 0.81827885 0.7848755 0.8478757 0.7024922 0.14028531 -0.064973414 -0.70866376 -0.62769485 -0.59627134 -0.37499654 0.5946676 0.34066722 -0.59549195 -0.619496 0.48969737 -0.41050258 -0.5254044 NaN NaN -0.52988917 -0.6917224 -0.7397741 -0.12148368 -0.78069717 -0.79765207 -0.81174284 -0.7847881 -0.77993023 -0.044298895 -0.20262596 -0.69147366 0.23938152 0.20402282 -0.7359938 -0.18378007 -0.8485433 -0.8539029 -0.7710255 -0.69620496 -0.8442025 -0.86268216 -0.66045773 -0.66272134 -0.8415815 -0.72609365 -0.7622514 0.68398553 0.6801461 0.67692745 -0.50302017 -0.720678 -0.8145443 -0.8004129 -0.80790967 -0.7685302 -0.42716503 -0.81332463 -0.509502 -0.7502809 -0.7347217 -0.83947164 -0.85045207 -0.8559382 -0.04023049 0.57960373 0.5602885 0.5645729 0.5403128 0.501421 0.6113315 -0.24051954 -0.66793984 -0.80465525 -0.87847775 0.2734222 -0.8218949 -0.8221358 0.02379024 -0.8334277 -0.8280682 -0.80487615 -0.79459816 -0.7985186 -0.79389286 -0.21388987 -0.7874219 -0.7883739 -0.7400147 0.35872233 -0.0712092 -0.59928775 -0.75207746 0.08879614 0.5638558 0.43758714 0.6546365 0.64153266 0.35139492 -0.6117422 -0.6546732 -0.77916414 0.2587481 0.555688 -0.67563725 -0.75627434 -0.7587556 -0.6687894 0.6868497 0.702764 0.5705096 -0.62731886 -0.7207403 -0.53051394 0.58790374 -0.25092217 0.7741319 0.7868067 0.77249926 0.49056914 -0.35086936 -0.7368621 -0.6721999 -0.68500763 -0.7722374 -0.18129689 0.75402623 -0.39725056 -0.55902076 -0.23564999 NaN 
0.8107563 0.80603623 0.87066764 0.87509924 0.8424967 0.9413315 0.9225751 0.8134761 -0.4447492 -0.5744337 0.08789669 0.8081283 0.93283653 0.9756598 1.0 0.9262598 0.8550392 0.26956472 -0.32688895 -0.5690105 0.35941982 0.3794103 0.0408777 -0.54409796 0.5051082 0.9339955 0.7727135 0.789596 0.8419088 0.8089678 0.7376739 0.603182 0.6217286 0.66617805 0.78664726 0.8167548 0.83379644 0.8807359 0.9292112 0.82120377 0.6953834 0.86594826 0.79307127 0.75821334 0.83629036 0.7222707 0.18686923 -0.08242902 -0.68176234 -0.61219275 -0.5699038 -0.35977858 0.5584374 0.3159647 -0.56311405 -0.5815263 0.41541994 -0.416818 -0.5095578 NaN NaN -0.50969756 -0.67585415 -0.734209 -0.19254509 -0.75458544 -0.77456987 -0.78187674 -0.7744255 -0.7493156 -0.090138786 -0.21884167 -0.6481992 0.24674271 0.14636725 -0.7167062 -0.26248908 -0.8190212 -0.832145 -0.7914922 -0.72258645 -0.81911063 -0.8635938 -0.70531034 -0.691739 -0.8214325 -0.7534288 -0.7528135 0.6296546 0.6333424 0.6526499 -0.48035592 -0.7221208 -0.7822179 -0.77026206 -0.7805064 -0.7543972 -0.4630202 -0.7786258 -0.5156322 -0.72736585 -0.73533267 -0.81232554 -0.8212812 -0.827987 -0.062673494 0.5508651 0.5597018 0.5689405 0.55281705 0.5237241 0.5746327 -0.23475069 -0.6853564 -0.8040933 -0.8594296 0.1890853 -0.817629 -0.80653834 -0.048065938 -0.80537575 -0.81491977 -0.78684807 -0.76854944 -0.76614493 -0.76557523 -0.27244934 -0.7762513 -0.7713507 -0.7219205 0.31472403 -0.0633783 -0.56013495 -0.6936503 0.118505456 0.53118217 0.4777866 0.6238793 0.6163114 0.2874293 -0.62644446 -0.6522293 -0.75578386 0.17331654 0.4736713 -0.6721317 -0.7513053 -0.74399817 -0.6375441 0.62139547 0.70058566 0.55188453 -0.6140061 -0.7003322 -0.5287891 0.53687996 -0.16396084 0.7483171 0.7724408 0.7580145 0.4720585 -0.3565241 -0.6992653 -0.6589436 -0.6725193 -0.7430985 -0.19786814 0.704554 -0.37436932 -0.5362772 -0.258695 NaN 
0.79539263 0.67990893 0.79616827 0.78306997 0.73446727 0.9095746 0.94382477 0.81772053 -0.52145076 -0.6490393 0.05684008 0.91983116 0.9290564 0.9581799 0.9262598 1.0 0.9093053 0.13902211 -0.39071393 -0.6451315 0.44580123 0.46924233 0.16746302 -0.6210882 0.54175043 0.92407 0.8697999 0.8346924 0.82388425 0.6926727 0.7561051 0.6438518 0.65452987 0.6670824 0.7852487 0.80902404 0.85854816 0.89839584 0.86940247 0.68396014 0.5210408 0.8228457 0.8237321 0.79043746 0.8085497 0.6243303 0.00943678 -0.1333488 -0.75637907 -0.6854803 -0.66069907 -0.45736602 0.5451308 0.27353173 -0.657674 -0.6764965 0.50093615 -0.4036194 -0.55786765 NaN NaN -0.5085532 -0.6795708 -0.6992017 -0.029667437 -0.7552792 -0.76188684 -0.7845241 -0.7396012 -0.76885974 0.02471009 -0.17626795 -0.7018595 0.25278464 0.24189423 -0.7174317 -0.08424059 -0.8385986 -0.83633184 -0.7252672 -0.65245974 -0.83229935 -0.8251264 -0.59860873 -0.60665256 -0.8299184 -0.6944615 -0.7418731 0.72335935 0.7074962 0.6474321 -0.52036595 -0.6574212 -0.7936897 -0.7835029 -0.78143746 -0.73739123 -0.3738826 -0.80618894 -0.49146008 -0.72487193 -0.6748827 -0.8014603 -0.82054466 -0.836859 -0.009349714 0.58708656 0.53061604 0.522984 0.48589003 0.43362424 0.6150888 -0.2205957 -0.6073156 -0.75509423 -0.85044175 0.3340776 -0.8054534 -0.8160863 0.09304459 -0.80416983 -0.7834066 -0.76662564 -0.76728135 -0.7751213 -0.77505577 -0.1367339 -0.7468584 -0.7408411 -0.6894346 0.40979508 -0.077922314 -0.6208828 -0.7823044 0.042653237 0.5662329 0.3537304 0.64882076 0.63248986 0.43134463 -0.5013387 -0.55760676 -0.73696464 0.36151904 0.6333115 -0.617828 -0.7055386 -0.72460717 -0.6621865 0.72349274 0.669722 0.5651388 -0.59138334 -0.68120927 -0.46773663 0.6611762 -0.27025887 0.79087996 0.7695181 0.7414021 0.45392308 -0.32560074 -0.72665215 -0.6313195 -0.6291991 -0.7462827 -0.16025506 0.7320081 -0.42921108 -0.559175 -0.24154885 NaN 
0.623413 0.5817317 0.67317647 0.6583598 0.654758 0.87622994 0.9263887 0.89415276 -0.2777988 -0.47795385 0.34516525 0.90952265 0.88720524 0.8842701 0.8550392 0.9093053 1.0 0.3918204 -0.10929225 -0.49118733 0.58631635 0.5386653 0.2410643 -0.5290385 0.63438004 0.8516181 0.6812275 0.62589866 0.6208587 0.4963498 0.50957906 0.39120436 0.40644184 0.4132152 0.5574895 0.5886252 0.64349866 0.70816994 0.7409953 0.5408748 0.38770774 0.6274913 0.5939554 0.5543935 0.63749635 0.50843096 0.01280747 -0.030272385 -0.6801996 -0.5836672 -0.57286626 -0.38642773 0.46827027 0.2795615 -0.5446398 -0.5327433 0.5391207 -0.38979316 -0.5374178 NaN NaN -0.5467974 -0.60394573 -0.55307895 0.15487754 -0.5829414 -0.61000407 -0.640232 -0.5793355 -0.587248 0.28598863 0.10829336 -0.4800322 0.493598 0.44865525 -0.5138666 0.08427316 -0.7199176 -0.7359224 -0.57236445 -0.47052684 -0.7515431 -0.7183961 -0.49715945 -0.5095588 -0.7559071 -0.5920012 -0.6360668 0.5246188 0.492806 0.5031108 -0.38283873 -0.56721866 -0.6807234 -0.67188936 -0.67890173 -0.61717695 -0.25748372 -0.69531083 -0.3486865 -0.5748533 -0.52962536 -0.69646955 -0.71854746 -0.7241852 0.057219278 0.40581593 0.32673833 0.30367666 0.26273912 0.2302924 0.42272273 -0.13597552 -0.5414538 -0.62971777 -0.76608825 0.31474167 -0.67577606 -0.7097475 0.10625721 -0.7026046 -0.68163383 -0.6471897 -0.6559021 -0.67548054 -0.658082 -0.06488535 -0.6061043 -0.627557 -0.5489826 0.3247784 -0.03408065 -0.51264393 -0.68121314 0.0021195444 0.40102065 0.2620725 0.4445573 0.43224722 0.31185204 -0.49826232 -0.50525415 -0.5755966 0.44323078 0.5933992 -0.43765688 -0.5338795 -0.5514125 -0.50209963 0.5763511 0.49441245 0.5014146 -0.4175777 -0.53064597 -0.31208172 0.5789982 -0.27150747 0.63704646 0.5671146 0.54100025 0.40410453 -0.21217458 -0.6019864 -0.47859222 -0.488166 -0.65332174 0.0075033475 0.6562013 -0.38121453 -0.54095745 -0.17064334 NaN 
0.057436347 0.3372145 0.24938434 0.2781498 0.39841434 0.33615556 0.27892652 0.44008145 0.440897 0.28209153 0.6453701 0.118026346 0.2786076 0.23494484 0.26956472 0.13902211 0.3918204 1.0 0.7550121 0.45320466 0.43746176 0.34324127 0.15541987 0.23446074 0.3474739 0.2453319 -0.14759177 -0.076062575 0.05438248 0.16645415 -0.1633444 -0.2584188 -0.23661 -0.18823816 -0.10617468 -0.06828095 -0.09365548 -0.03750247 0.18048446 0.25896862 0.28137693 0.03419455 -0.14246324 -0.15804192 0.08554716 0.25503996 0.41135344 0.32171872 0.114035614 0.17011347 0.1892023 0.24636772 0.10767611 0.22257273 0.24664679 0.28927124 0.11010904 -0.07716628 0.005756949 NaN NaN -0.11155754 0.014204484 0.029075556 0.011413705 0.042925604 -0.017556421 -0.00537501 -0.037763927 0.06751567 0.15114711 0.28985742 0.18468644 0.28122684 0.111389644 0.04333102 -0.1274746 -0.029630864 -0.08126789 -0.105258636 -0.070376374 -0.08321859 -0.13360243 -0.19218194 -0.15740992 -0.122004874 -0.20113106 -0.119944565 -0.28000972 -0.2585334 -0.08662026 -0.06390433 -0.299517 -0.12983459 -0.14277306 -0.18612863 -0.17159955 -0.24352391 -0.12221253 -0.13929686 -0.1270863 -0.22215089 -0.19551392 -0.1748107 -0.13505395 -0.1506407 -0.21492058 -0.13243318 -0.12084047 -0.09276868 -0.044364456 -0.21659906 -0.16558594 -0.3339412 -0.242563 -0.18747811 -0.30273843 -0.18259688 -0.16716316 -0.35554647 -0.13131745 -0.19680326 -0.16911155 -0.15196936 -0.1537526 -0.13473746 -0.28708014 -0.14373095 -0.17701061 -0.16371611 -0.21950898 -0.011662529 -0.010886921 0.020429302 0.008764876 -0.1713837 0.12185723 -0.17209674 -0.16869672 -0.36114764 -0.372633 -0.2637192 -0.08876013 -0.16538377 -0.1693431 -0.07894459 -0.09846869 -0.08000923 -0.017538998 -0.19018209 0.0011478608 -0.0064855586 -0.06497107 -0.11318263 -0.17326358 -0.23298632 -0.03671024 -0.12621517 -0.102970354 -0.10261277 -0.027631884 -0.15871723 -0.082061045 -0.1382215 -0.15828773 -0.11900059 0.04141703 0.05432579 0.11330102 0.012186115 0.09490205 NaN 
-0.44600132 -0.21990944 -0.3158074 -0.2917001 -0.16557431 -0.24943477 -0.27227044 -0.072369225 0.7100879 0.6563645 0.6036715 -0.31869054 -0.27922472 -0.34628507 -0.32688895 -0.39071393 -0.10929225 0.7550121 1.0 0.851035 0.32349572 0.24872567 0.26607227 0.55742645 0.043251447 -0.3394161 -0.5568111 -0.5089278 -0.44282395 -0.35937768 -0.5715938 -0.56495565 -0.5534881 -0.5525862 -0.5561785 -0.5426859 -0.56683964 -0.54417974 -0.4073971 -0.31015363 -0.23688188 -0.50048214 -0.58267605 -0.5782705 -0.4240201 -0.21217601 0.23345725 0.3913778 0.54887134 0.5590909 0.55262274 0.46399662 -0.24043334 0.034916423 0.58921015 0.64509636 -0.11689291 0.12664692 0.2413228 NaN NaN 0.19641471 0.41658443 0.5009716 0.17738535 0.5280505 0.48257345 0.49492836 0.46705467 0.5405352 0.21668983 0.37153372 0.55971575 0.07348744 -0.009296714 0.4870535 0.056558557 0.46866223 0.4198512 0.37498477 0.36140043 0.4042209 0.40334046 0.25150543 0.26074824 0.3759084 0.22441018 0.28629473 -0.61517483 -0.60732055 -0.5294929 0.13360775 0.1701233 0.33751997 0.31663966 0.29385597 0.29331768 0.022988105 0.33884963 0.10322769 0.27386352 0.22442125 0.31544393 0.33599347 0.36372125 -0.1604915 -0.5372078 -0.4916652 -0.48783445 -0.46230018 -0.4209396 -0.5430152 -0.045620568 0.15161942 0.28015724 0.35112482 -0.37253 0.286834 0.27026567 -0.29701847 0.36700562 0.2968297 0.2978625 0.297482 0.2933458 0.28451446 -0.110195756 0.33062017 0.31757122 0.2931727 -0.36996394 -0.029376335 0.26908168 0.39338925 -0.111794196 -0.46633056 -0.24361362 -0.52413464 -0.5271158 -0.4439985 0.119701155 0.22308876 0.382611 -0.2148317 -0.421282 0.32952762 0.37765822 0.37100697 0.29910102 -0.5271822 -0.46487248 -0.3784503 0.29446262 0.32323843 0.14544362 -0.5080761 0.00824942 -0.54138505 -0.54670644 -0.5682285 -0.4199674 -0.031700306 0.29585657 0.22446315 0.23616104 0.32532972 0.07856527 -0.4241696 0.2529487 0.3122193 0.16590172 NaN 
-0.5740833 -0.36860612 -0.47977266 -0.46625513 -0.3370642 -0.5348599 -0.5866142 -0.44851333 0.6742589 0.77512205 0.2755834 -0.62252057 -0.5579437 -0.6081972 -0.5690105 -0.6451315 -0.49118733 0.45320466 0.851035 1.0 0.019732093 0.03432861 0.15719038 0.7057179 -0.29406014 -0.60330534 -0.6608528 -0.58335537 -0.5443438 -0.43831652 -0.6039947 -0.54702497 -0.5377442 -0.5461004 -0.6052198 -0.60847676 -0.64935285 -0.6660794 -0.5878175 -0.43312284 -0.3177196 -0.62231845 -0.65818405 -0.6467516 -0.5961187 -0.39100146 0.1311113 0.22066766 0.7482993 0.6637835 0.6621157 0.46229938 -0.47991246 -0.21119446 0.6629624 0.70560014 -0.4217915 0.31561133 0.48077506 NaN NaN 0.52981544 0.6799375 0.66337097 -0.009438555 0.66413444 0.6586935 0.69341356 0.63604164 0.6782255 -0.023809545 0.18402651 0.64016736 -0.21185313 -0.30608332 0.58681774 -0.0808281 0.723768 0.703862 0.53633535 0.44127595 0.710829 0.6563464 0.3815051 0.39221072 0.66545814 0.4198647 0.53785694 -0.7302403 -0.69810593 -0.6950767 0.16526239 0.33330023 0.5428285 0.5250974 0.5202769 0.459301 -0.00643764 0.5371734 0.10393996 0.39895576 0.345992 0.54467297 0.5784645 0.59417 -0.32832637 -0.66026545 -0.5865742 -0.5617051 -0.51376987 -0.47375938 -0.6662109 -0.15423419 0.24361475 0.43298396 0.63122004 -0.5604724 0.4629934 0.46864232 -0.43375194 0.59907556 0.5124087 0.48819265 0.49762812 0.5119754 0.46178427 -0.22386798 0.44927555 0.45221096 0.36151403 -0.5717127 -0.20001176 0.2945273 0.5169465 -0.25542885 -0.63191694 -0.3960397 -0.64382726 -0.6520245 -0.5813187 0.33111975 0.43655106 0.5456391 -0.48460367 -0.6828159 0.40371454 0.49586383 0.49790624 0.4356659 -0.70020556 -0.60657614 -0.59874445 0.3530247 0.4607256 0.19993763 -0.70710117 0.14583388 -0.71884996 -0.6711808 -0.6751929 -0.5299806 0.05285616 0.52034044 0.37907633 0.40970334 0.59978145 0.010511461 -0.64701486 0.45456463 0.62337446 0.27252156 NaN 
0.22960827 0.18657038 0.26704752 0.2643411 0.30629387 0.4359047 0.50682026 0.5734308 0.07064168 -0.06449338 0.5340391 0.5764815 0.4877385 0.4242981 0.35941982 0.44580123 0.58631635 0.43746176 0.32349572 0.019732093 1.0 0.8939148 0.56087303 -0.15747271 0.5204762 0.35901752 0.25427893 0.22584268 0.22692351 0.089408435 0.10476906 0.048058838 0.05775984 0.028792806 0.10475665 0.12357817 0.17255521 0.2141046 0.21813658 0.11686338 0.015470423 0.16536513 0.16392656 0.16148633 0.296698 0.28871545 0.080395736 0.3264159 -0.18064758 -0.07731434 -0.09989263 0.06782324 0.37987465 0.3742878 -0.08791535 -0.10951462 0.57662606 -0.16514726 -0.24269354 NaN NaN -0.2657006 -0.24921605 -0.14483698 0.3429549 -0.26691836 -0.26264986 -0.31720775 -0.20888807 -0.29284424 0.2833934 0.14804885 -0.2871142 0.18785588 0.26218346 -0.21678174 0.25204292 -0.36321843 -0.35056603 -0.15699126 -0.094619036 -0.3922648 -0.28837016 -0.07752326 -0.087091416 -0.3442333 -0.22967918 -0.36497036 0.2698635 0.24681619 0.15751629 -0.32905486 -0.18601857 -0.401328 -0.40224132 -0.4035682 -0.30949655 -0.051331412 -0.4199098 -0.19009817 -0.34584787 -0.22351666 -0.36531582 -0.39687034 -0.4145376 0.08044439 0.2116241 0.10475837 0.066909194 0.03441529 0.013989931 0.22696179 -0.048683383 -0.12396692 -0.25364766 -0.36699075 0.32970077 -0.36866277 -0.40523502 0.21236652 -0.39311755 -0.32582965 -0.36578175 -0.41187555 -0.4311457 -0.4300168 0.06684675 -0.35220212 -0.3137093 -0.3266402 0.25884175 -0.04540151 -0.38409913 -0.4604365 -0.0892679 0.21009849 -0.030365573 0.20515822 0.18342881 0.29696482 -0.0722248 -0.13023993 -0.3456234 0.34874922 0.39187866 -0.2522735 -0.29160452 -0.32633063 -0.38670412 0.3189944 0.13542274 0.17120907 -0.2874133 -0.34184924 -0.2498478 0.29307535 -0.43976766 0.26737773 0.19467235 0.14338994 0.040342547 -0.24958912 -0.46316317 -0.3560591 -0.31970748 -0.42514023 -0.097075805 0.2726396 -0.2770064 -0.3103816 -0.101262145 NaN 
