NaN NaN NaN NaN NaN NaN NaN NaN NaN NaN NaN NaN NaN NaN NaN NaN NaN NaN NaN NaN NaN NaN NaN NaN NaN NaN NaN NaN NaN NaN NaN NaN NaN NaN NaN NaN NaN NaN NaN NaN NaN NaN NaN NaN NaN NaN NaN NaN NaN NaN NaN NaN 
NaN NaN NaN NaN NaN NaN NaN NaN NaN NaN NaN NaN NaN NaN NaN NaN NaN NaN NaN NaN NaN NaN NaN NaN NaN NaN NaN NaN NaN NaN NaN NaN NaN NaN NaN NaN NaN NaN NaN NaN NaN NaN NaN NaN NaN NaN NaN NaN NaN NaN NaN NaN 
NaN NaN NaN NaN NaN NaN NaN NaN NaN NaN NaN NaN NaN NaN NaN NaN NaN NaN NaN NaN NaN NaN NaN NaN NaN NaN NaN NaN NaN NaN NaN NaN NaN NaN NaN NaN NaN NaN NaN NaN NaN NaN NaN NaN NaN NaN NaN NaN NaN NaN NaN NaN 
NaN NaN NaN NaN NaN NaN NaN NaN NaN NaN NaN NaN NaN NaN NaN NaN NaN NaN NaN NaN NaN NaN NaN NaN NaN NaN NaN NaN NaN NaN NaN NaN NaN NaN NaN NaN NaN NaN NaN NaN NaN NaN NaN NaN NaN NaN NaN NaN NaN NaN NaN NaN 
NaN NaN NaN NaN NaN NaN NaN NaN NaN NaN NaN NaN NaN NaN NaN NaN NaN NaN NaN NaN NaN NaN NaN NaN NaN NaN NaN NaN NaN NaN NaN NaN NaN NaN NaN NaN NaN NaN NaN NaN NaN NaN NaN NaN NaN NaN NaN NaN NaN NaN NaN NaN 
NaN NaN NaN NaN NaN NaN NaN NaN NaN NaN NaN NaN NaN NaN NaN NaN NaN NaN NaN NaN NaN NaN NaN NaN NaN NaN NaN NaN NaN NaN NaN NaN NaN NaN NaN NaN NaN NaN NaN NaN NaN NaN NaN NaN NaN NaN NaN NaN NaN NaN NaN NaN 
NaN NaN NaN NaN NaN NaN NaN NaN NaN NaN NaN NaN NaN NaN NaN NaN NaN NaN NaN NaN NaN NaN NaN NaN NaN NaN NaN NaN NaN NaN NaN NaN NaN NaN NaN NaN NaN NaN NaN NaN NaN NaN NaN NaN NaN NaN NaN NaN NaN NaN NaN NaN 
NaN NaN NaN NaN NaN NaN NaN NaN NaN NaN NaN NaN NaN NaN NaN NaN NaN NaN NaN NaN NaN NaN NaN NaN NaN NaN NaN NaN NaN NaN NaN NaN NaN NaN NaN NaN NaN NaN NaN NaN NaN NaN NaN NaN NaN NaN NaN NaN NaN NaN NaN NaN 
NaN NaN NaN NaN NaN NaN NaN NaN NaN NaN NaN NaN NaN NaN NaN NaN NaN NaN NaN NaN NaN NaN NaN NaN NaN NaN NaN NaN NaN NaN NaN NaN NaN NaN NaN NaN NaN NaN NaN NaN NaN NaN NaN NaN NaN NaN NaN NaN NaN NaN NaN NaN 
NaN NaN NaN NaN NaN NaN NaN NaN NaN NaN NaN NaN NaN NaN NaN NaN NaN NaN NaN NaN NaN NaN NaN NaN NaN NaN NaN NaN NaN NaN NaN NaN NaN NaN NaN NaN NaN NaN NaN NaN NaN NaN NaN NaN NaN NaN NaN NaN NaN NaN NaN NaN 
NaN NaN NaN NaN NaN NaN NaN NaN NaN NaN NaN NaN NaN NaN NaN NaN NaN NaN NaN NaN NaN NaN NaN NaN NaN NaN NaN NaN NaN NaN NaN NaN NaN NaN NaN NaN NaN NaN NaN NaN NaN NaN NaN NaN NaN NaN NaN NaN NaN NaN NaN NaN 
NaN NaN NaN NaN NaN NaN NaN NaN NaN NaN NaN NaN NaN NaN NaN NaN NaN NaN NaN NaN NaN NaN NaN NaN NaN NaN NaN NaN NaN NaN NaN NaN NaN NaN NaN NaN NaN NaN NaN NaN NaN NaN NaN NaN NaN NaN NaN NaN NaN NaN NaN NaN 
NaN NaN NaN NaN NaN NaN NaN NaN NaN NaN NaN NaN NaN NaN NaN NaN NaN NaN NaN NaN NaN NaN NaN NaN NaN NaN NaN NaN NaN NaN NaN NaN NaN NaN NaN NaN NaN NaN NaN NaN NaN NaN NaN NaN NaN NaN NaN NaN NaN NaN NaN NaN 
NaN NaN NaN NaN NaN NaN NaN NaN NaN NaN NaN NaN NaN NaN NaN NaN NaN NaN NaN NaN NaN NaN NaN NaN NaN NaN NaN NaN NaN NaN NaN NaN NaN NaN NaN NaN NaN NaN NaN NaN NaN NaN NaN NaN NaN NaN NaN NaN NaN NaN NaN NaN 
NaN NaN NaN NaN NaN NaN NaN NaN NaN NaN NaN NaN NaN NaN NaN NaN NaN NaN NaN NaN NaN NaN NaN NaN NaN NaN NaN NaN NaN NaN NaN NaN NaN NaN NaN NaN NaN NaN NaN NaN NaN NaN NaN NaN NaN NaN NaN NaN NaN NaN NaN NaN 
NaN NaN NaN NaN NaN NaN NaN NaN NaN NaN NaN NaN NaN NaN NaN NaN NaN NaN NaN NaN NaN NaN NaN NaN NaN NaN NaN NaN NaN NaN NaN NaN NaN NaN NaN NaN NaN NaN NaN NaN NaN NaN NaN NaN NaN NaN NaN NaN NaN NaN NaN NaN 
NaN NaN NaN NaN NaN NaN NaN NaN NaN NaN NaN NaN NaN NaN NaN NaN 1.0 0.64159054 0.09791275 -0.09801558 -0.32470626 -0.40274203 -0.41696543 -0.40831015 -0.4803696 0.18753782 0.34376544 0.80870837 0.6508267 -0.500396 -0.6261178 -0.6038331 -0.068588965 0.55518246 0.8479457 0.4386443 -0.5639118 -0.6628569 -0.53486925 -0.46807212 -0.45278567 -0.46285248 -0.5338802 -0.5778816 -0.37380198 -0.3795169 -0.44879583 0.11578203 0.20360017 0.2508311 -0.4060696 -0.6070868 
NaN NaN NaN NaN NaN NaN NaN NaN NaN NaN NaN NaN NaN NaN NaN NaN 0.64159054 1.0 0.7727091 0.5281769 0.16329876 0.0068558897 -0.16560559 -0.09113286 -0.037886888 0.7317101 0.8514035 0.88377917 0.85675067 0.16368608 -0.28160495 -0.17666893 0.50902754 0.70562553 0.67598647 0.68454254 -0.012514946 -0.46852383 -0.6388267 -0.68161964 -0.7088349 -0.6924948 -0.6882589 -0.42802155 -0.22047289 -0.1958048 -0.24943759 0.09873187 0.104882084 0.1674423 -0.13328011 -0.42170495 
NaN NaN NaN NaN NaN NaN NaN NaN NaN NaN NaN NaN NaN NaN NaN NaN 0.09791275 0.7727091 1.0 0.889692 0.64852345 0.5122166 0.30395755 0.38156325 0.46396378 0.8005616 0.8081533 0.48533368 0.5381175 0.61778563 0.20944127 0.30161023 0.621198 0.36952224 0.16180575 0.3903441 0.3610398 -0.04155028 -0.33606955 -0.43416432 -0.5119848 -0.48572218 -0.4531437 -0.21950439 -0.20231734 -0.1595159 -0.16048586 -0.12603672 -0.15317099 -0.095545694 -0.05228701 -0.20069811 
NaN NaN NaN NaN NaN NaN NaN NaN NaN NaN NaN NaN NaN NaN NaN NaN -0.09801558 0.5281769 0.889692 1.0 0.86866575 0.7715378 0.56234413 0.6741317 0.68385804 0.7413163 0.65182775 0.2620402 0.31721222 0.71014297 0.51244295 0.547888 0.53622794 0.09710027 -0.09286986 0.10581174 0.48126987 0.30362314 -0.031681076 -0.1711321 -0.26833516 -0.23781697 -0.18732136 0.0045260056 -0.12599573 -0.110618934 -0.13145821 -0.3130388 -0.36064327 -0.2846594 -0.069430955 -0.108446695 
NaN NaN NaN NaN NaN NaN NaN NaN NaN NaN NaN NaN NaN NaN NaN NaN -0.32470626 0.16329876 0.64852345 0.86866575 1.0 0.9777938 0.85860974 0.8858867 0.90545523 0.3931539 0.2515609 -0.13414033 -0.13474265 0.7046956 0.7685018 0.74584246 0.23586257 -0.31784448 -0.44745547 -0.29951715 0.43011826 0.5857695 0.41291773 0.28140867 0.14634833 0.20704515 0.237876 0.115341604 -0.22118416 -0.20956643 -0.16026632 -0.5482056 -0.5955014 -0.5299855 -0.1228457 0.030038966 
NaN NaN NaN NaN NaN NaN NaN NaN NaN NaN NaN NaN NaN NaN NaN NaN -0.40274203 0.0068558897 0.5122166 0.7715378 0.9777938 1.0 0.9121831 0.91347927 0.927495 0.26834172 0.10626722 -0.26401207 -0.27839044 0.6538903 0.8079487 0.7664342 0.12382491 -0.43881267 -0.54936343 -0.4163762 0.40253514 0.6602035 0.5501337 0.44223323 0.30923712 0.36427823 0.36795688 0.15876272 -0.22556165 -0.217751 -0.15337941 -0.59075505 -0.63434494 -0.57835263 -0.14109917 0.055837095 
NaN NaN NaN NaN NaN NaN NaN NaN NaN NaN NaN NaN NaN NaN NaN NaN -0.41696543 -0.16560559 0.30395755 0.56234413 0.85860974 0.9121831 1.0 0.94604045 0.8546001 0.017824026 -0.13773315 -0.41278106 -0.45976368 0.4879815 0.7550352 0.67259395 -0.112162106 -0.5732218 -0.6199187 -0.5681115 0.24395984 0.66681397 0.6879224 0.64294636 0.52652484 0.5505629 0.5245894 0.13594955 -0.29636014 -0.3025321 -0.22775225 -0.66814786 -0.66617405 -0.61842555 -0.23619081 -0.0054285573 
NaN NaN NaN NaN NaN NaN NaN NaN NaN NaN NaN NaN NaN NaN NaN NaN -0.40831015 -0.09113286 0.38156325 0.6741317 0.8858867 0.91347927 0.94604045 1.0 0.8808937 0.21494088 0.019811237 -0.30535567 -0.33732286 0.5407943 0.79492635 0.7185963 0.023798993 -0.49572903 -0.58369654 -0.49869528 0.34684786 0.7004627 0.59379745 0.5151826 0.41232264 0.4285282 0.44031757 0.20627074 -0.22889876 -0.24518077 -0.18834795 -0.6639365 -0.68731534 -0.6272373 -0.19920844 -7.834565E-4 
NaN NaN NaN NaN NaN NaN NaN NaN NaN NaN NaN NaN NaN NaN NaN NaN -0.4803696 -0.037886888 0.46396378 0.68385804 0.90545523 0.927495 0.8546001 0.8808937 1.0 0.28628543 0.113040194 -0.2997481 -0.3331861 0.7291099 0.88068575 0.86736673 0.20217636 -0.45638797 -0.6030752 -0.37229887 0.5646495 0.76101524 0.60369205 0.4528968 0.3259643 0.40815222 0.47430632 0.3466506 -0.06648155 -0.047720358 0.07024965 -0.47719216 -0.61953896 -0.58253545 0.07966942 0.28419214 
NaN NaN NaN NaN NaN NaN NaN NaN NaN NaN NaN NaN NaN NaN NaN NaN 0.18753782 0.7317101 0.8005616 0.7413163 0.3931539 0.26834172 0.017824026 0.21494088 0.28628543 1.0 0.9244515 0.66336954 0.717722 0.45700857 0.07467619 0.17921457 0.7516407 0.5508836 0.33962286 0.5787655 0.43374085 -0.06763905 -0.48673144 -0.5992087 -0.634613 -0.63199025 -0.5644639 -0.059703175 0.064862795 0.08741382 0.022995071 0.103920504 0.018749887 0.06292446 0.10742702 -0.16880673 
NaN NaN NaN NaN NaN NaN NaN NaN NaN NaN NaN NaN NaN NaN NaN NaN 0.34376544 0.8514035 0.8081533 0.65182775 0.2515609 0.10626722 -0.13773315 0.019811237 0.113040194 0.9244515 1.0 0.79716516 0.8332448 0.37865058 -0.093292974 0.03302136 0.7465058 0.67689157 0.4979046 0.7190892 0.34759024 -0.24568392 -0.62057495 -0.71930224 -0.740362 -0.7378535 -0.6749668 -0.17024875 0.045088135 0.08040196 0.020417536 0.21520157 0.11658944 0.1413976 0.10541926 -0.20586455 
NaN NaN NaN NaN NaN NaN NaN NaN NaN NaN NaN NaN NaN NaN NaN NaN 0.80870837 0.88377917 0.48533368 0.2620402 -0.13414033 -0.26401207 -0.41278106 -0.30535567 -0.2997481 0.66336954 0.79716516 1.0 0.9372472 -0.107901424 -0.48401293 -0.3902531 0.42068064 0.7980697 0.8524387 0.7727739 -0.11986251 -0.5693372 -0.72644675 -0.7412661 -0.7349835 -0.74404347 -0.7431625 -0.4188195 -0.13489205 -0.1161329 -0.19270809 0.29709065 0.28215852 0.30639544 -0.11749174 -0.46165413 
NaN NaN NaN NaN NaN NaN NaN NaN NaN NaN NaN NaN NaN NaN NaN NaN 0.6508267 0.85675067 0.5381175 0.31721222 -0.13474265 -0.27839044 -0.45976368 -0.33732286 -0.3331861 0.717722 0.8332448 0.9372472 1.0 0.00576856 -0.46135274 -0.35192156 0.5571611 0.8431823 0.8021064 0.8424382 0.013809871 -0.5510467 -0.79789376 -0.82138705 -0.7998149 -0.8272548 -0.8060306 -0.32885882 0.02546183 0.045656703 -0.06322902 0.3979039 0.37288353 0.38549975 0.0048321257 -0.3856272 
NaN NaN NaN NaN NaN NaN NaN NaN NaN NaN NaN NaN NaN NaN NaN NaN -0.500396 0.16368608 0.61778563 0.71014297 0.7046956 0.6538903 0.4879815 0.5407943 0.7291099 0.45700857 0.37865058 -0.107901424 0.00576856 1.0 0.7651761 0.8601986 0.6754077 -0.059936065 -0.39474234 0.04061302 0.8186262 0.600731 0.24350058 0.04719936 -0.043869168 0.0352644 0.19483928 0.49520737 0.33149177 0.38273355 0.46764997 -0.02949563 -0.32961527 -0.34307575 0.44724903 0.49523652 
NaN NaN NaN NaN NaN NaN NaN NaN NaN NaN NaN NaN NaN NaN NaN NaN -0.6261178 -0.28160495 0.20944127 0.51244295 0.7685018 0.8079487 0.7550352 0.79492635 0.88068575 0.07467619 -0.093292974 -0.48401293 -0.46135274 0.7651761 1.0 0.97062725 0.21893212 -0.536797 -0.7204153 -0.47735766 0.6504348 0.9080212 0.71793985 0.54995805 0.45668274 0.53856325 0.66106564 0.63495404 0.21245112 0.21773772 0.3330046 -0.38384598 -0.6242158 -0.6115986 0.27537748 0.5069674 
NaN NaN NaN NaN NaN NaN NaN NaN NaN NaN NaN NaN NaN NaN NaN NaN -0.6038331 -0.17666893 0.30161023 0.547888 0.74584246 0.7664342 0.67259395 0.7185963 0.86736673 0.17921457 0.03302136 -0.3902531 -0.35192156 0.8601986 0.97062725 1.0 0.3905719 -0.3895698 -0.6332047 -0.34467193 0.72330457 0.850558 0.61138797 0.43013003 0.33497363 0.43254995 0.57652646 0.6559025 0.2920216 0.3112601 0.43635315 -0.2478634 -0.53842133 -0.5369144 0.3932014 0.57267696 
NaN NaN NaN NaN NaN NaN NaN NaN NaN NaN NaN NaN NaN NaN NaN NaN -0.068588965 0.50902754 0.621198 0.53622794 0.23586257 0.12382491 -0.112162106 0.023798993 0.20217636 0.7516407 0.7465058 0.42068064 0.5571611 0.6754077 0.21893212 0.3905719 1.0 0.62055314 0.23352845 0.5670602 0.62064815 0.047392488 -0.39763963 -0.5395133 -0.5586327 -0.52433825 -0.37510407 0.27817318 0.4536469 0.5039446 0.49044934 0.41473478 0.15398097 0.12944816 0.5502625 0.26409242 
NaN NaN NaN NaN NaN NaN NaN NaN NaN NaN NaN NaN NaN NaN NaN NaN 0.55518246 0.70562553 0.36952224 0.09710027 -0.31784448 -0.43881267 -0.5732218 -0.49572903 -0.45638797 0.5508836 0.67689157 0.7980697 0.8431823 -0.059936065 -0.536797 -0.3895698 0.62055314 1.0 0.82391644 0.76971674 -0.07465084 -0.63485104 -0.8107928 -0.8034353 -0.76862776 -0.7891315 -0.76011616 -0.28170753 0.12910968 0.15856777 0.062278666 0.59038955 0.5841409 0.5639997 0.17037225 -0.25881824 
NaN NaN NaN NaN NaN NaN NaN NaN NaN NaN NaN NaN NaN NaN NaN NaN 0.8479457 0.67598647 0.16180575 -0.09286986 -0.44745547 -0.54936343 -0.6199187 -0.58369654 -0.6030752 0.33962286 0.4979046 0.8524387 0.8021064 -0.39474234 -0.7204153 -0.6332047 0.23352845 0.82391644 1.0 0.7402959 -0.3610116 -0.73416847 -0.7500174 -0.704428 -0.67402583 -0.6901681 -0.7163692 -0.46330056 -0.08826232 -0.07165711 -0.17647627 0.49164099 0.56006694 0.5865432 -0.0864514 -0.4429168 
NaN NaN NaN NaN NaN NaN NaN NaN NaN NaN NaN NaN NaN NaN NaN NaN 0.4386443 0.68454254 0.3903441 0.10581174 -0.29951715 -0.4163762 -0.5681115 -0.49869528 -0.37229887 0.5787655 0.7190892 0.7727739 0.8424382 0.04061302 -0.47735766 -0.34467193 0.5670602 0.76971674 0.7402959 1.0 0.17632844 -0.49114335 -0.73741955 -0.7786858 -0.75112087 -0.7550086 -0.6924761 -0.1527914 0.25176433 0.3025657 0.23817489 0.6842221 0.5918138 0.5531464 0.3201419 -0.08059894 
NaN NaN NaN NaN NaN NaN NaN NaN NaN NaN NaN NaN NaN NaN NaN NaN -0.5639118 -0.012514946 0.3610398 0.48126987 0.43011826 0.40253514 0.24395984 0.34684786 0.5646495 0.43374085 0.34759024 -0.11986251 0.013809871 0.8186262 0.6504348 0.72330457 0.62064815 -0.07465084 -0.3610116 0.17632844 1.0 0.67969364 0.22927257 0.0053092074 -0.03147356 0.01965717 0.22286086 0.71229047 0.6194989 0.6624142 0.7314319 0.22152391 -0.13523899 -0.17921905 0.6935035 0.64588344 
NaN NaN NaN NaN NaN NaN NaN NaN NaN NaN NaN NaN NaN NaN NaN NaN -0.6628569 -0.46852383 -0.04155028 0.30362314 0.5857695 0.6602035 0.66681397 0.7004627 0.76101524 -0.06763905 -0.24568392 -0.5693372 -0.5510467 0.600731 0.9080212 0.850558 0.047392488 -0.63485104 -0.73416847 -0.49114335 0.67969364 1.0 0.8155661 0.6359086 0.5641144 0.62189686 0.76910204 0.7396163 0.335581 0.33055556 0.42892823 -0.2904232 -0.5377054 -0.5426939 0.33377507 0.56121874 
NaN NaN NaN NaN NaN NaN NaN NaN NaN NaN NaN NaN NaN NaN NaN NaN -0.53486925 -0.6388267 -0.33606955 -0.031681076 0.41291773 0.5501337 0.6879224 0.59379745 0.60369205 -0.48673144 -0.62057495 -0.72644675 -0.79789376 0.24350058 0.71793985 0.61138797 -0.39763963 -0.8107928 -0.7500174 -0.73741955 0.22927257 0.8155661 1.0 0.92255414 0.85629267 0.9158893 0.9322669 0.49185044 0.024867613 0.0056047156 0.13502239 -0.46262112 -0.57698905 -0.5807088 0.04938659 0.37703434 
NaN NaN NaN NaN NaN NaN NaN NaN NaN NaN NaN NaN NaN NaN NaN NaN -0.46807212 -0.68161964 -0.43416432 -0.1711321 0.28140867 0.44223323 0.64294636 0.5151826 0.4528968 -0.5992087 -0.71930224 -0.7412661 -0.82138705 0.04719936 0.54995805 0.43013003 -0.5395133 -0.8034353 -0.704428 -0.7786858 0.0053092074 0.6359086 0.92255414 1.0 0.972104 0.9724452 0.85132104 0.31758097 -0.10781135 -0.13782878 -0.026076136 -0.50870746 -0.5377199 -0.5428007 -0.11804223 0.19735107 
NaN NaN NaN NaN NaN NaN NaN NaN NaN NaN NaN NaN NaN NaN NaN NaN -0.45278567 -0.7088349 -0.5119848 -0.26833516 0.14634833 0.30923712 0.52652484 0.41232264 0.3259643 -0.634613 -0.740362 -0.7349835 -0.7998149 -0.043869168 0.45668274 0.33497363 -0.5586327 -0.76862776 -0.67402583 -0.75112087 -0.03147356 0.5641144 0.85629267 0.972104 1.0 0.9636864 0.8141522 0.34079722 -0.037400056 -0.079828575 0.007885805 -0.4535689 -0.47997412 -0.49314463 -0.09790636 0.17650533 
NaN NaN NaN NaN NaN NaN NaN NaN NaN NaN NaN NaN NaN NaN NaN NaN -0.46285248 -0.6924948 -0.48572218 -0.23781697 0.20704515 0.36427823 0.5505629 0.4285282 0.40815222 -0.63199025 -0.7378535 -0.74404347 -0.8272548 0.0352644 0.53856325 0.43254995 -0.52433825 -0.7891315 -0.6901681 -0.7550086 0.01965717 0.62189686 0.9158893 0.9724452 0.9636864 1.0 0.9059174 0.4254669 0.004669107 -0.032676406 0.08336238 -0.42498788 -0.493029 -0.5048973 -0.010871627 0.29326454 
NaN NaN NaN NaN NaN NaN NaN NaN NaN NaN NaN NaN NaN NaN NaN NaN -0.5338802 -0.6882589 -0.4531437 -0.18732136 0.237876 0.36795688 0.5245894 0.44031757 0.47430632 -0.5644639 -0.6749668 -0.7431625 -0.8060306 0.19483928 0.66106564 0.57652646 -0.37510407 -0.76011616 -0.7163692 -0.6924761 0.22286086 0.76910204 0.9322669 0.85132104 0.8141522 0.9059174 1.0 0.64306605 0.20831726 0.17747773 0.30709362 -0.3062757 -0.4684783 -0.49037582 0.20493819 0.496345 
NaN NaN NaN NaN NaN NaN NaN NaN NaN NaN NaN NaN NaN NaN NaN NaN -0.5778816 -0.42802155 -0.21950439 0.0045260056 0.115341604 0.15876272 0.13594955 0.20627074 0.3466506 -0.059703175 -0.17024875 -0.4188195 -0.32885882 0.49520737 0.63495404 0.6559025 0.27817318 -0.28170753 -0.46330056 -0.1527914 0.71229047 0.7396163 0.49185044 0.31758097 0.34079722 0.4254669 0.64306605 1.0 0.829528 0.80853045 0.8481795 0.24157833 -0.09950784 -0.14553708 0.74003136 0.76751614 
NaN NaN NaN NaN NaN NaN NaN NaN NaN NaN NaN NaN NaN NaN NaN NaN -0.37380198 -0.22047289 -0.20231734 -0.12599573 -0.22118416 -0.22556165 -0.29636014 -0.22889876 -0.06648155 0.064862795 0.045088135 -0.13489205 0.02546183 0.33149177 0.21245112 0.2920216 0.4536469 0.12910968 -0.08826232 0.25176433 0.6194989 0.335581 0.024867613 -0.10781135 -0.037400056 0.004669107 0.20831726 0.829528 1.0 0.98913777 0.9159595 0.63857794 0.3321674 0.25779462 0.82212424 0.68137544 
NaN NaN NaN NaN NaN NaN NaN NaN NaN NaN NaN NaN NaN NaN NaN NaN -0.3795169 -0.1958048 -0.1595159 -0.110618934 -0.20956643 -0.217751 -0.3025321 -0.24518077 -0.047720358 0.08741382 0.08040196 -0.1161329 0.045656703 0.38273355 0.21773772 0.3112601 0.5039446 0.15856777 -0.07165711 0.3025657 0.6624142 0.33055556 0.0056047156 -0.13782878 -0.079828575 -0.032676406 0.17747773 0.80853045 0.98913777 1.0 0.94621223 0.68456393 0.35687992 0.27257732 0.8669716 0.7118021 
NaN NaN NaN NaN NaN NaN NaN NaN NaN NaN NaN NaN NaN NaN NaN NaN -0.44879583 -0.24943759 -0.16048586 -0.13145821 -0.16026632 -0.15337941 -0.22775225 -0.18834795 0.07024965 0.022995071 0.020417536 -0.19270809 -0.06322902 0.46764997 0.3330046 0.43635315 0.49044934 0.062278666 -0.17647627 0.23817489 0.7314319 0.42892823 0.13502239 -0.026076136 0.007885805 0.08336238 0.30709362 0.8481795 0.9159595 0.94621223 1.0 0.6382075 0.25159088 0.14988348 0.9302136 0.8392739 
NaN NaN NaN NaN NaN NaN NaN NaN NaN NaN NaN NaN NaN NaN NaN NaN 0.11578203 0.09873187 -0.12603672 -0.3130388 -0.5482056 -0.59075505 -0.66814786 -0.6639365 -0.47719216 0.103920504 0.21520157 0.29709065 0.3979039 -0.02949563 -0.38384598 -0.2478634 0.41473478 0.59038955 0.49164099 0.6842221 0.22152391 -0.2904232 -0.46262112 -0.50870746 -0.4535689 -0.42498788 -0.3062757 0.24157833 0.63857794 0.68456393 0.6382075 1.0 0.84638506 0.73336667 0.65905213 0.38166088 
NaN NaN NaN NaN NaN NaN NaN NaN NaN NaN NaN NaN NaN NaN NaN NaN 0.20360017 0.104882084 -0.15317099 -0.36064327 -0.5955014 -0.63434494 -0.66617405 -0.68731534 -0.61953896 0.018749887 0.11658944 0.28215852 0.37288353 -0.32961527 -0.6242158 -0.53842133 0.15398097 0.5841409 0.56006694 0.5918138 -0.13523899 -0.5377054 -0.57698905 -0.5377199 -0.47997412 -0.493029 -0.4684783 -0.09950784 0.3321674 0.35687992 0.25159088 0.84638506 1.0 0.9650338 0.347432 0.051546518 
NaN NaN NaN NaN NaN NaN NaN NaN NaN NaN NaN NaN NaN NaN NaN NaN 0.2508311 0.1674423 -0.095545694 -0.2846594 -0.5299855 -0.57835263 -0.61842555 -0.6272373 -0.58253545 0.06292446 0.1413976 0.30639544 0.38549975 -0.34307575 -0.6115986 -0.5369144 0.12944816 0.5639997 0.5865432 0.5531464 -0.17921905 -0.5426939 -0.5807088 -0.5428007 -0.49314463 -0.5048973 -0.49037582 -0.14553708 0.25779462 0.27257732 0.14988348 0.73336667 0.9650338 1.0 0.27187756 -0.04501505 
NaN NaN NaN NaN NaN NaN NaN NaN NaN NaN NaN NaN NaN NaN NaN NaN -0.4060696 -0.13328011 -0.05228701 -0.069430955 -0.1228457 -0.14109917 -0.23619081 -0.19920844 0.07966942 0.10742702 0.10541926 -0.11749174 0.0048321257 0.44724903 0.27537748 0.3932014 0.5502625 0.17037225 -0.0864514 0.3201419 0.6935035 0.33377507 0.04938659 -0.11804223 -0.09790636 -0.010871627 0.20493819 0.74003136 0.82212424 0.8669716 0.9302136 0.65905213 0.347432 0.27187756 1.0 0.7874909 
NaN NaN NaN NaN NaN NaN NaN NaN NaN NaN NaN NaN NaN NaN NaN NaN -0.6070868 -0.42170495 -0.20069811 -0.108446695 0.030038966 0.055837095 -0.0054285573 -7.834565E-4 0.28419214 -0.16880673 -0.20586455 -0.46165413 -0.3856272 0.49523652 0.5069674 0.57267696 0.26409242 -0.25881824 -0.4429168 -0.08059894 0.64588344 0.56121874 0.37703434 0.19735107 0.17650533 0.29326454 0.496345 0.76751614 0.68137544 0.7118021 0.8392739 0.38166088 0.051546518 -0.04501505 0.7874909 1.0 
