1.0 0.30747652 0.031346638 0.13280196 0.053950053 0.19548187 0.040607627 0.08662582 0.13705778 0.029958136 -0.010443587 0.023800705 0.05236367 0.026499128 0.0044198027 -0.027431022 0.05375278 -0.019912867 -0.07442999 0.0045670276 0.042037684 -0.052368175 0.042469855 0.018917093 0.0575387 -0.017736556 0.07875581 -0.011533468 -0.040694766 -0.010535583 -0.025826225 -0.10443938 -0.10611054 -0.08229327 -0.08106073 -0.11354195 -0.008809869 -0.07370245 0.010306906 0.047404222 -0.0098164 -0.05517291 -0.055958617 -0.16311336 -0.08677867 -0.04575541 -0.069859095 -0.07383473 0.011874088 0.55262935 NaN NaN 0.19684981 0.032937333 0.06768201 -0.05614969 -0.08152293 -0.0117419455 -0.0337982 -0.16145703 -0.084691964 -0.09739478 -0.07681171 -0.092114635 -0.1463459 -0.09737182 -0.11916172 -0.11545964 -0.16147985 -0.028544793 -0.11050086 -0.093086496 -0.16730241 -0.09704004 -0.10304481 -0.084287725 -0.0114738755 0.024209928 -0.01992499 -0.016214987 -0.23064315 -0.21391764 -0.19641684 -0.03524566 -0.073646784 -0.17916954 -0.27444968 -0.0523196 -0.095407635 -0.07080131 -0.25702026 -0.17374915 -0.14980276 -0.13434131 -0.18507291 -0.1739337 -0.1060346 -0.095247194 -0.12002946 -0.08954437 -0.124277376 -0.23392537 -0.28370097 -0.046524607 -0.13341835 -0.040299922 -0.032645583 -0.17297387 -0.22080591 -0.20894201 -0.13866024 -0.29242355 -0.15860903 -0.11211438 -0.09905433 -0.19571088 -0.19016705 -0.15436749 -0.14175911 -0.22145753 -0.24831851 -0.21563691 -0.18106551 -0.10220755 -0.18617137 -0.1762282 -0.18670622 -0.14919098 -0.14988829 -0.07066701 -0.1784404 -0.16071886 -0.14846854 -0.12663502 -0.16154282 -0.16205248 -0.13091329 -0.16789357 -0.2254465 -0.2065428 -0.060826734 -0.12724392 -0.22827183 -0.19817102 -0.21163028 -0.21786793 -0.07233034 -0.17683499 -0.19168621 -0.21171911 -0.1825662 -0.09944856 -0.077818975 -0.036952786 -0.09866635 -0.28244197 -0.29306737 -0.22918233 -0.1858892 -0.21084246 -0.2697588 -0.19859003 -0.22654676 -0.22155418 -0.27923203 -0.30169773 -0.272055 -0.10588077 -0.1725707 -0.21634007 -0.08084499 -0.23331764 -0.231278 -0.2132262 -0.27895558 -0.2459969 -0.21205701 -0.2592104 -0.2202961 -0.15985732 -0.19325192 -0.22182761 -0.18250602 -0.26615062 -0.12785354 -0.05999933 -0.10657594 -0.10488524 -0.11210347 -0.15557088 -0.10517732 0.048175678 
0.30747652 1.0 0.8621041 0.91290563 0.7644194 0.36988744 0.84481794 0.6551402 0.58217895 0.2754169 0.45378646 -0.19323322 -0.37274346 -0.14143433 -0.013638151 0.40873474 5.7324854E-4 0.35485145 -0.38186005 -0.40259778 -0.3264483 -0.3481717 -0.075934276 -0.33592403 0.25518605 0.6425152 0.69842637 -0.23992458 -0.47107172 -0.44766206 -0.32639468 -0.42919868 -0.48375636 -0.49672034 -0.57888114 -0.49667177 0.47013673 0.5925444 0.817871 0.83450514 0.78467625 0.60093707 0.45952177 -0.6033474 -0.46749866 -0.5153186 -0.46218565 0.26025367 0.6658695 0.18406878 NaN NaN 0.12314581 0.4983997 0.8667177 0.10918112 0.7119214 0.7907323 -0.43843397 -0.5821918 -0.49639967 -0.62895894 -0.55330086 -0.5643138 -0.55335945 -0.6186231 -0.5563823 -0.58945495 0.11573122 0.013381979 -0.5722964 0.44961196 -0.629928 -0.5805803 0.43252432 0.5543117 0.82042587 0.7955988 0.7386159 0.67512167 -0.63619745 0.12730868 -0.24379575 0.76389945 0.6979616 -0.6697009 -0.2905293 0.49675897 0.5380561 0.7340813 -0.44428247 -0.71973413 -0.7528408 -0.7388637 -0.5879387 0.06799993 -0.45143813 -0.7383369 -0.7225606 0.5679453 0.2612224 -0.48258963 -0.3037276 0.6532059 -0.6408117 0.4416181 0.61678857 -0.7230003 -0.6210456 0.026548345 0.56358916 -0.44298103 -0.7969765 0.6100927 0.5126942 -0.73375183 -0.49079713 -0.77804375 -0.81268364 0.1292965 -0.4633957 -0.7867714 0.40648016 0.59059894 0.12810527 -0.81255394 -0.77563334 -0.7948157 0.28400144 0.6674493 -0.7165167 -0.7685599 -0.41059828 -0.68345106 -0.72198886 -0.7242462 -0.7229916 -0.6933161 -0.75110334 0.2647124 0.6737562 0.4188259 -0.12055502 -0.7061124 0.1040396 -0.45349753 0.5728443 0.1954038 0.2545324 -0.8183841 -0.82440007 0.47610688 0.54057544 0.61904544 0.5399462 -0.5033096 -0.5096239 -0.80626816 -0.8307812 0.22491145 -0.0536762 -0.826188 -0.5609322 -0.7548989 -0.31598014 -0.50258654 -0.45344302 -0.027917573 -0.78991276 0.25236186 0.6054677 -0.44368908 -0.653221 -0.7273301 -0.17270717 -0.4353279 -0.71229225 -0.41418365 -0.59285396 -0.71886057 -0.58528507 -0.68195856 -0.63312507 -0.27843925 0.49557573 0.6393662 0.55630845 -0.31020153 -0.555799 -0.56284744 -0.23760371 0.102027975 
0.031346638 0.8621041 1.0 0.8542941 0.67024046 0.06874315 0.8209097 0.46050006 0.33098528 0.046102315 0.3743973 -0.33798796 -0.5718554 -0.32600182 -0.14880347 0.31876567 -0.22540314 0.2253871 -0.5134187 -0.59678036 -0.5204632 -0.5485803 -0.31679863 -0.5367949 -0.038373746 0.4929272 0.6390308 -0.38481948 -0.6069027 -0.5913718 -0.47301534 -0.51676893 -0.5703452 -0.587728 -0.60458565 -0.48002872 0.47701874 0.59146416 0.8782541 0.91736823 0.9034133 0.5584221 0.52220106 -0.6279653 -0.5355884 -0.60512656 -0.547987 0.18207768 0.51566565 -0.25460538 NaN NaN -0.250964 0.28563493 0.7918593 -0.101526655 0.7554253 0.84831446 -0.40756646 -0.49195424 -0.33633986 -0.53734356 -0.4293345 -0.49559027 -0.44226065 -0.4610164 -0.38558513 -0.42221078 0.40704405 0.2552991 -0.3550713 0.7002665 -0.46085393 -0.41286367 0.6457233 0.6935834 0.83802956 0.7483206 0.67912465 0.767705 -0.4370513 0.3764392 -0.22718625 0.74747473 0.75333136 -0.6272105 -0.057196733 0.66289854 0.6378936 0.81667656 -0.186473 -0.5385754 -0.6327106 -0.5889548 -0.36850488 0.330861 -0.29481742 -0.68865114 -0.70070845 0.5969126 0.29994392 -0.36341307 -0.08593623 0.7502442 -0.5174325 0.46003732 0.6624536 -0.6187118 -0.55637205 -0.01112655 0.6008154 -0.31997225 -0.65412194 0.7181199 0.67488915 -0.53554654 -0.30355757 -0.6162925 -0.6839868 0.36587462 -0.27039143 -0.6753995 0.5283979 0.6611688 0.30615947 -0.6975636 -0.6196661 -0.70244974 0.43586323 0.6999187 -0.57874525 -0.62557817 -0.28582525 -0.5557376 -0.55807513 -0.5643363 -0.555759 -0.48797026 -0.56854904 0.41963586 0.66838217 0.4250363 -0.13059205 -0.65228105 0.17723434 -0.48316932 0.5923194 0.26009563 0.38803908 -0.7237919 -0.7108683 0.59129363 0.52115005 0.6222235 0.55581534 -0.3725587 -0.28844264 -0.6368829 -0.6898366 0.46489176 0.26039043 -0.653709 -0.28842083 -0.5338609 -0.008828282 -0.21158308 -0.16406769 0.05777575 -0.66354746 0.5008885 0.7499851 -0.23712242 -0.4096756 -0.5059937 0.1636421 -0.09858979 -0.46520767 -0.07324779 -0.31508505 -0.5446731 -0.35749522 -0.4348208 -0.5558553 -0.08897 0.5687694 0.7195569 0.6656326 -0.4444968 -0.66378546 -0.64876115 -0.4417498 -0.056938723 
0.13280196 0.91290563 0.8542941 1.0 0.86888653 0.37305763 0.875603 0.6814367 0.56954676 0.2622245 0.4791931 -0.18633242 -0.40640277 -0.12290317 -0.0094648255 0.46570024 0.077917725 0.41020435 -0.3572549 -0.43779048 -0.29525232 -0.33921367 -0.09542329 -0.3513488 0.3077114 0.7143897 0.7160388 -0.19623803 -0.46742404 -0.4527907 -0.3090714 -0.3763669 -0.43896645 -0.47640887 -0.5375803 -0.43943992 0.4447656 0.61462384 0.7625415 0.762892 0.75155026 0.66818947 0.4974289 -0.5693751 -0.41149595 -0.5036698 -0.40448016 0.31705445 0.6592433 0.06283853 NaN NaN 0.021758357 0.45080754 0.8088129 0.107540384 0.69156873 0.7706882 -0.45474675 -0.63585865 -0.52025455 -0.6385573 -0.5602759 -0.60847384 -0.5971606 -0.6134112 -0.5562182 -0.57560706 0.09587696 -0.09128353 -0.5770179 0.38128972 -0.6343704 -0.6214462 0.37545577 0.5301563 0.78694046 0.7809892 0.74050903 0.63778377 -0.6305832 0.12096081 -0.15505117 0.7660666 0.68131655 -0.6342233 -0.271962 0.4260908 0.533266 0.7092809 -0.38955748 -0.70043117 -0.7675441 -0.7122299 -0.5616649 0.08068325 -0.47812474 -0.7542163 -0.7537616 0.51053226 0.20226377 -0.48209542 -0.24367112 0.61913854 -0.68350077 0.326413 0.5414245 -0.7423048 -0.6221417 0.106592506 0.60313594 -0.38660508 -0.7588577 0.6222619 0.5056174 -0.6916384 -0.52983475 -0.7718739 -0.7986179 0.16678326 -0.41747558 -0.7436577 0.45569995 0.6214203 0.14727297 -0.78968376 -0.751011 -0.7888674 0.25398833 0.63155913 -0.7196447 -0.7596244 -0.4657781 -0.7060094 -0.71739364 -0.7135534 -0.7155887 -0.66898865 -0.71039563 0.34318563 0.7365462 0.53460664 -0.07994418 -0.61873984 0.22019017 -0.3790114 0.639064 0.3385889 0.38927254 -0.7129443 -0.75127155 0.5482976 0.6731638 0.6901237 0.66517156 -0.32722372 -0.36816826 -0.69999915 -0.774065 0.32161555 0.04975388 -0.7662442 -0.5029706 -0.6766118 -0.22104721 -0.39446393 -0.37306055 -0.090147346 -0.7633766 0.3342586 0.65622926 -0.4122868 -0.53358364 -0.6308608 -0.046478108 -0.32831803 -0.61481094 -0.29068643 -0.5349561 -0.69984937 -0.57361925 -0.62082523 -0.59011465 -0.08750926 0.6714545 0.7352179 0.68547183 -0.30247918 -0.54587704 -0.5183516 -0.26753676 -0.0107701495 
0.053950053 0.7644194 0.67024046 0.86888653 1.0 0.6002777 0.84944624 0.75120634 0.7066247 0.5272593 0.66673106 0.081246875 -0.20013571 0.13312864 0.19857161 0.59654886 0.3143649 0.6115366 -0.12170355 -0.26141357 -0.070079766 -0.11949196 0.10780342 -0.14965881 0.49485555 0.76318437 0.7181084 0.025988135 -0.2713158 -0.2640577 -0.08845487 -0.17162456 -0.22839461 -0.27094638 -0.35860395 -0.25353646 0.50075483 0.6445934 0.5850965 0.53204125 0.58883417 0.68776995 0.5494412 -0.41076943 -0.22865537 -0.36735055 -0.24101137 0.39323252 0.6112416 0.14404893 NaN NaN 0.17526394 0.52906495 0.7010937 0.2497678 0.6091832 0.6503822 -0.3676174 -0.5889486 -0.50069934 -0.5735198 -0.5121724 -0.53903425 -0.54908544 -0.5842463 -0.55310684 -0.5668134 0.013542346 -0.23729934 -0.6331709 0.1828037 -0.6360028 -0.645746 0.21634668 0.3921488 0.61601585 0.6264593 0.6279745 0.44653514 -0.67492527 -0.012304818 -0.08872521 0.6102714 0.49465656 -0.56715095 -0.32711154 0.18291153 0.36919615 0.52524954 -0.4164267 -0.7212031 -0.7667563 -0.72332656 -0.60784703 -0.01363644 -0.5215801 -0.72297114 -0.7003554 0.4012745 0.083292134 -0.5440456 -0.3600001 0.39534432 -0.71227837 0.12372201 0.33636656 -0.72695035 -0.5610854 0.112667665 0.47245365 -0.40428227 -0.74720967 0.43676594 0.3049824 -0.72047436 -0.63718224 -0.8060661 -0.8048698 0.026944201 -0.4843849 -0.7275024 0.3245934 0.46572077 0.016625924 -0.7707759 -0.7753911 -0.773306 0.08230346 0.47417176 -0.73352736 -0.78735936 -0.50765854 -0.73619604 -0.7321928 -0.72660315 -0.740368 -0.7094228 -0.7091276 0.25806603 0.613158 0.50628203 -0.030187698 -0.542623 0.24593014 -0.28718847 0.5332531 0.3160819 0.37344515 -0.58737135 -0.6542556 0.46929312 0.5915596 0.5406257 0.58475643 -0.17947021 -0.28773347 -0.6343304 -0.73523015 0.2070251 -0.050377008 -0.7396194 -0.55923665 -0.69459516 -0.2861823 -0.45125473 -0.40857974 -0.15700556 -0.73736507 0.23380539 0.5400907 -0.4172292 -0.48806727 -0.581063 -0.040390655 -0.31382546 -0.57635814 -0.26209372 -0.51274604 -0.6803185 -0.5684205 -0.57500505 -0.42134893 0.10615193 0.69387287 0.615866 0.6583189 -0.088864475 -0.39559323 -0.37800184 -0.11786424 -0.06547903 
0.19548187 0.36988744 0.06874315 0.37305763 0.6002777 1.0 0.3732888 0.67831045 0.7187375 0.78696704 0.52149874 0.5481157 0.5176489 0.555185 0.47599164 0.4379742 0.67328 0.5437192 0.401196 0.43331075 0.46803442 0.5181793 0.5909611 0.46812245 0.7181078 0.4732564 0.3045455 0.45431128 0.3816983 0.3806241 0.4361677 0.325094 0.30435446 0.26750946 0.12295544 0.07124787 0.18228479 0.2897251 0.047521863 -0.0110784415 -0.02552669 0.35387656 0.11471356 0.092780575 0.20687604 0.19700226 0.24016465 0.3172964 0.33118334 0.65678823 NaN NaN 0.59242576 0.50970405 0.24217536 0.5163364 0.114889294 0.08337963 -0.043949667 -0.19480571 -0.35622078 -0.19520473 -0.25908417 -0.13014455 -0.2220582 -0.35724342 -0.37905842 -0.38072112 -0.4363521 -0.53350836 -0.54814947 -0.40806037 -0.40676972 -0.45466855 -0.30643067 -0.08656964 0.09591795 0.18586046 0.24829407 -0.08545513 -0.48772183 -0.41818333 0.075789705 0.12711877 -0.0376448 -0.18060824 -0.507826 -0.37553456 -0.15011318 -0.067945056 -0.5329786 -0.48870382 -0.39092362 -0.46462965 -0.57404715 -0.46279106 -0.40419942 -0.25073674 -0.17581011 -0.06180118 -0.16438101 -0.36418658 -0.5213244 -0.20225582 -0.5076219 -0.21097891 -0.14884593 -0.4182209 -0.2951705 0.031552285 -0.03905208 -0.3719551 -0.4980442 -0.20029923 -0.331722 -0.5966238 -0.665222 -0.57928044 -0.48924497 -0.524442 -0.56992567 -0.41486815 -0.2363586 -0.09175324 -0.43634525 -0.42137617 -0.52284676 -0.3914509 -0.39696604 -0.072096094 -0.5016952 -0.5065625 -0.4375927 -0.45850623 -0.49120933 -0.47802326 -0.5071625 -0.58452386 -0.51539457 -0.2756387 0.129863 0.13906322 -0.0077023767 -0.19683686 -0.073969856 -0.05374726 0.03187026 -0.05548245 -0.14844967 -0.2481301 -0.33288905 -0.1296244 0.17976518 0.07884432 0.12389715 -0.18901893 -0.44002655 -0.4428283 -0.4262435 -0.39304623 -0.56492037 -0.45974368 -0.6805166 -0.5805736 -0.6377857 -0.61745536 -0.58071405 -0.28058168 -0.4016461 -0.34252685 -0.09450511 -0.44771945 -0.46262828 -0.4433863 -0.443894 -0.53341043 -0.4542641 -0.48955482 -0.49150687 -0.35417944 -0.39719898 -0.44541728 0.027918095 0.032699607 0.21245435 0.070098765 0.076079324 0.3541775 0.18693842 0.13883123 0.3683667 0.0036986058 
0.040607627 0.84481794 0.8209097 0.875603 0.84944624 0.3732888 1.0 0.8278021 0.7453555 0.4429982 0.67435867 -0.0762155 -0.3946429 -0.029597394 0.084593706 0.57210886 0.10810718 0.5240415 -0.3147326 -0.46310562 -0.28693396 -0.34220964 -0.07938618 -0.3711244 0.29808292 0.73912853 0.7781066 -0.16008465 -0.47309628 -0.4466857 -0.25893286 -0.3366118 -0.40302712 -0.45342693 -0.5238589 -0.38449755 0.5641744 0.69418484 0.7822553 0.7622423 0.7495872 0.64028203 0.5431474 -0.5678709 -0.37514392 -0.50662094 -0.3927794 0.3836033 0.6782357 -0.028005565 NaN NaN -0.045505095 0.3856058 0.7890155 0.017287992 0.6651485 0.7568816 -0.5639638 -0.7099927 -0.59401673 -0.71297187 -0.63796455 -0.6834711 -0.6596954 -0.6957251 -0.63781494 -0.66288066 0.08306969 -0.11991098 -0.6607601 0.3745198 -0.7184573 -0.694707 0.35225973 0.49385482 0.7864504 0.7487815 0.69924223 0.63042 -0.6973813 0.11054694 -0.23669732 0.7810149 0.68821794 -0.7309375 -0.3178436 0.40493315 0.5096762 0.7405364 -0.4507415 -0.78493774 -0.84697753 -0.7991567 -0.65712035 0.06201366 -0.56713647 -0.85257846 -0.831846 0.5399454 0.19515161 -0.5579611 -0.27789873 0.6663847 -0.7266705 0.3887843 0.6150588 -0.7677177 -0.61705565 0.13378644 0.68474644 -0.36396238 -0.797399 0.69720954 0.58067596 -0.7370247 -0.52696073 -0.81980383 -0.85147065 0.206282 -0.41693544 -0.7719183 0.542195 0.69982827 0.2514656 -0.8388794 -0.81032205 -0.8419654 0.3034465 0.71186733 -0.7712984 -0.8285703 -0.48589727 -0.76727253 -0.77948654 -0.78524095 -0.7834438 -0.7287414 -0.7439948 0.4363757 0.8100453 0.62170154 0.08694687 -0.59102315 0.33480838 -0.3012066 0.737624 0.44438347 0.51146114 -0.7264119 -0.77559805 0.66236824 0.7235066 0.76181525 0.7271154 -0.26688397 -0.26709303 -0.69726497 -0.8142374 0.38374797 0.087503776 -0.7983809 -0.48340178 -0.7229061 -0.14553475 -0.36185604 -0.3200638 -0.010051353 -0.80998987 0.40140396 0.72737056 -0.3856295 -0.52593213 -0.6591003 -0.0071968967 -0.31777942 -0.6461697 -0.28191954 -0.5570874 -0.7442648 -0.5771006 -0.64435285 -0.5943885 -0.055922385 0.71508425 0.8019312 0.7570675 -0.30189994 -0.57395744 -0.5477002 -0.2541775 0.005022414 
0.08662582 0.6551402 0.46050006 0.6814367 0.75120634 0.67831045 0.8278021 1.0 0.953934 0.7249813 0.6675855 0.20594709 -0.005818722 0.25638315 0.2513447 0.54976106 0.4167676 0.57868266 -0.005646922 -0.09182776 0.06395548 0.045311123 0.22383155 -0.011032988 0.5683527 0.7127393 0.60743266 0.120707884 -0.11958477 -0.09885556 0.052813932 -0.04429198 -0.10079598 -0.15855892 -0.27303004 -0.22142531 0.37725666 0.5444725 0.4644588 0.42939886 0.38933763 0.555821 0.33181766 -0.31290263 -0.11140569 -0.2139561 -0.10501794 0.41694823 0.6110143 0.3084533 NaN NaN 0.24586247 0.45086366 0.5779464 0.26451537 0.42551163 0.47628602 -0.43238848 -0.61679083 -0.62072664 -0.5962875 -0.58624345 -0.5659082 -0.59812135 -0.6664733 -0.6467742 -0.6568734 -0.28351426 -0.45937386 -0.7434586 -0.07383024 -0.70521486 -0.7222776 -0.017623287 0.20772299 0.5438846 0.5984939 0.5878885 0.32435435 -0.70173454 -0.19989918 -0.072989374 0.6072971 0.44528443 -0.5345747 -0.47187713 0.027529417 0.25357896 0.4390926 -0.5720118 -0.7563944 -0.7521711 -0.7338947 -0.72594965 -0.23674878 -0.6060151 -0.68245023 -0.6364569 0.28628385 0.039390024 -0.5310689 -0.40505487 0.33809566 -0.72485894 0.12883319 0.32982388 -0.6904982 -0.50456345 0.21960987 0.49933767 -0.34527954 -0.72419107 0.3793937 0.21162711 -0.7496332 -0.6875552 -0.79668397 -0.76215357 -0.10838535 -0.49456096 -0.6437286 0.29499748 0.4507879 -0.01493034 -0.71176034 -0.75234 -0.7035826 0.0085839145 0.44423905 -0.72930235 -0.76576805 -0.5833005 -0.73783046 -0.75006765 -0.74277407 -0.7574087 -0.76633203 -0.72197145 0.17857665 0.65728265 0.5643746 0.13966922 -0.40218633 0.25078523 -0.1346664 0.5522878 0.32983142 0.2998404 -0.54975474 -0.63629234 0.37656432 0.65791875 0.6146339 0.6125689 -0.166367 -0.33979848 -0.62443984 -0.6999781 0.061459076 -0.21919897 -0.72035617 -0.64719343 -0.7383615 -0.38224804 -0.5092525 -0.476781 -0.17547566 -0.7135947 0.059791006 0.39693668 -0.49326497 -0.5757887 -0.65388685 -0.29083672 -0.52913016 -0.6591765 -0.47977248 -0.66601855 -0.69401866 -0.64076996 -0.6683375 -0.40516075 -0.060779385 0.58233684 0.56176084 0.51860714 -0.019318743 -0.2438308 -0.23125355 0.07949161 0.06846501 
0.13705778 0.58217895 0.33098528 0.56954676 0.7066247 0.7187375 0.7453555 0.953934 1.0 0.82726884 0.71890086 0.3274506 0.11862771 0.37100914 0.3479222 0.56591356 0.47862697 0.61676455 0.10105998 0.0168189 0.16958863 0.1485055 0.32119796 0.088254 0.606415 0.6722246 0.566698 0.20350353 -0.014008225 0.013804481 0.16450427 0.054335665 0.0011833475 -0.055242695 -0.18808746 -0.14305845 0.3834185 0.4969808 0.3693302 0.31659335 0.26763025 0.46118534 0.2781324 -0.2251991 -0.025755057 -0.11882069 -0.025839094 0.41625437 0.57508576 0.4026935 NaN NaN 0.322153 0.4126362 0.48943317 0.25733146 0.30386546 0.3476906 -0.4359217 -0.58462 -0.62323046 -0.5666278 -0.58352447 -0.524873 -0.56758666 -0.65944755 -0.6578191 -0.6678223 -0.37979493 -0.52254903 -0.7646432 -0.18461078 -0.71257365 -0.714496 -0.1443705 0.06562278 0.42644274 0.4684676 0.46102947 0.19506831 -0.7187097 -0.30669937 -0.15027924 0.4886305 0.31954598 -0.5221783 -0.54544485 -0.08670705 0.11470712 0.312103 -0.64598167 -0.7597118 -0.7212705 -0.7246883 -0.7556315 -0.33433485 -0.6182352 -0.63125914 -0.5708554 0.22271942 -0.01045982 -0.54481715 -0.4760973 0.25153124 -0.69032127 0.11500587 0.28278592 -0.6370704 -0.45467204 0.17462187 0.41798177 -0.3631089 -0.6947166 0.28814825 0.11838498 -0.74706376 -0.66394454 -0.7683239 -0.72984254 -0.19034822 -0.5259516 -0.62282485 0.2046978 0.35896376 -0.08707834 -0.6734386 -0.7260925 -0.65944225 -0.051581398 0.38002658 -0.706052 -0.7439003 -0.5434379 -0.708086 -0.7423412 -0.73692214 -0.74377936 -0.76400286 -0.71024567 0.10542309 0.55796343 0.4840884 0.18430418 -0.3420249 0.24413121 -0.06281953 0.50232875 0.3021433 0.2628917 -0.49893168 -0.58902377 0.32478243 0.56079113 0.5417638 0.5303462 -0.17654634 -0.3363768 -0.5870043 -0.66843176 -0.0082605 -0.30253887 -0.6975079 -0.6492173 -0.7320769 -0.42185605 -0.547485 -0.511312 -0.13437983 -0.6633503 -0.0033535468 0.32015836 -0.47963485 -0.5754217 -0.6411101 -0.3430932 -0.55475175 -0.6603881 -0.52700436 -0.67113686 -0.662462 -0.6072193 -0.66414636 -0.34920752 -0.06893077 0.49573466 0.47946164 0.43986982 0.062479362 -0.14912976 -0.14158474 0.1869159 0.11802441 
0.029958136 0.2754169 0.046102315 0.2622245 0.5272593 0.78696704 0.4429982 0.7249813 0.82726884 1.0 0.8101844 0.7059146 0.5078271 0.72714 0.68835586 0.6821648 0.7360721 0.7370626 0.4953794 0.39714852 0.5303611 0.52142304 0.6512263 0.4610882 0.71486986 0.5497051 0.4598692 0.54081416 0.40743095 0.42371702 0.5542631 0.45753035 0.40902534 0.37325078 0.23065397 0.25211877 0.45284742 0.47725108 0.15889193 0.048359092 0.011456687 0.3196833 0.21916637 0.1877024 0.3573231 0.28151995 0.35272726 0.5155305 0.44232294 0.5244589 NaN NaN 0.39086294 0.28141448 0.20737332 0.25046495 0.029099386 0.024144456 -0.32134292 -0.37303102 -0.50543284 -0.3871058 -0.44610724 -0.3243211 -0.37938455 -0.5104852 -0.52570885 -0.53689045 -0.50869817 -0.572942 -0.6472226 -0.38974395 -0.5586526 -0.5953309 -0.35727996 -0.18137914 0.10090892 0.12739767 0.13939987 -0.08026347 -0.5868861 -0.4248604 -0.19457352 0.11965799 -0.020872623 -0.376414 -0.57166195 -0.34261063 -0.23398785 -0.0368825 -0.6675559 -0.6012982 -0.51987857 -0.5784543 -0.7000531 -0.5403426 -0.55387187 -0.42531675 -0.3367646 -0.038941987 -0.22864808 -0.48909473 -0.5372285 -0.055608645 -0.55917203 -0.021150662 0.050890997 -0.470723 -0.3517039 -0.023712121 0.09009743 -0.3927037 -0.5481728 -0.03644624 -0.16117391 -0.637995 -0.5641853 -0.5962895 -0.54148793 -0.43112907 -0.58078945 -0.48147157 -0.13812716 0.01825577 -0.29461974 -0.49068397 -0.5740118 -0.47117874 -0.30795887 0.056285515 -0.58259076 -0.57525724 -0.42042208 -0.55280864 -0.6000717 -0.58367914 -0.59037066 -0.637149 -0.550663 -0.13326111 0.21276075 0.18101458 0.19400543 -0.16007473 0.10323538 0.034676276 0.24838206 0.14894572 0.060173366 -0.2999175 -0.4015436 0.061880693 0.23341492 0.23631845 0.21526311 -0.19948053 -0.29864 -0.39731088 -0.47822297 -0.2402712 -0.46739084 -0.49799326 -0.5732091 -0.5858486 -0.4861527 -0.54585135 -0.49904186 -0.09305189 -0.43844217 -0.19982056 0.065180816 -0.35043383 -0.39162046 -0.4796273 -0.38474962 -0.48804405 -0.48798552 -0.47839388 -0.55538434 -0.4483898 -0.41136158 -0.5081416 -0.14090599 -0.082631476 0.18522258 0.17299922 0.1369882 0.18243235 0.08598254 0.07483069 0.33335364 0.046153173 
-0.010443587 0.45378646 0.3743973 0.4791931 0.66673106 0.52149874 0.67435867 0.6675855 0.71890086 0.8101844 1.0 0.5218545 0.15112272 0.56404674 0.6635394 0.86448824 0.5731253 0.82924116 0.299552 0.076890565 0.29826257 0.21515699 0.4620481 0.17365147 0.5644621 0.6855048 0.7409623 0.39276022 0.12864508 0.15426786 0.36158141 0.29303953 0.21939526 0.1745622 0.07155158 0.20537446 0.7626729 0.74592376 0.5052556 0.37396035 0.36629006 0.46581784 0.50631315 -0.002619453 0.21191595 0.06381995 0.17887732 0.63121474 0.6053401 0.23893274 NaN NaN 0.10365927 0.21020445 0.43748713 -0.025607457 0.2446108 0.28250626 -0.5405475 -0.56477225 -0.57614225 -0.59435856 -0.5848107 -0.5407079 -0.53577536 -0.63110685 -0.60846424 -0.63366205 -0.24933654 -0.3265275 -0.6587985 -0.028973565 -0.68018895 -0.69099057 -0.08617414 0.028744558 0.32370242 0.26765352 0.23394062 0.19342783 -0.6826735 -0.17365465 -0.4114188 0.2938574 0.19832373 -0.65734124 -0.49828878 -0.020410161 -0.04315479 0.24476784 -0.6326432 -0.7107126 -0.6954039 -0.72569114 -0.7300619 -0.34198782 -0.6158155 -0.69672793 -0.63908553 0.1437625 -0.17581977 -0.6213239 -0.48150605 0.26706764 -0.6434717 0.26301906 0.35578203 -0.6400436 -0.57014066 -0.1635613 0.26591 -0.50382173 -0.7056702 0.27500668 0.20441519 -0.7133726 -0.44341534 -0.6949344 -0.7095764 -0.21057029 -0.6084246 -0.6923525 0.07144166 0.26168013 -0.06533287 -0.6941835 -0.7142816 -0.6898403 -0.09126119 0.30909804 -0.73209286 -0.7200487 -0.3769633 -0.6597433 -0.7171546 -0.71867263 -0.70033926 -0.68226033 -0.64509356 0.095360704 0.3978161 0.2418571 0.17713289 -0.36281422 0.19741416 -0.11708424 0.4910989 0.31752813 0.29062682 -0.5261358 -0.6083383 0.37914762 0.35815284 0.44844228 0.38286954 -0.30528083 -0.20917468 -0.48379785 -0.6547417 0.07755661 -0.20693259 -0.61970484 -0.42546326 -0.62493145 -0.2608766 -0.44114813 -0.38508078 0.1078902 -0.58108896 0.11889841 0.4144402 -0.22805467 -0.30986455 -0.5234999 -0.14084558 -0.3177705 -0.5147503 -0.30810183 -0.52512616 -0.56013435 -0.40038654 -0.5582299 -0.40810528 -0.09759817 0.35865366 0.46454653 0.41192636 -0.13722202 -0.26536122 -0.2454698 -0.015567574 -0.030962003 
0.023800705 -0.19323322 -0.33798796 -0.18633242 0.081246875 0.5481157 -0.0762155 0.20594709 0.3274506 0.7059146 0.5218545 1.0 0.8518359 0.9231726 0.86801 0.53968096 0.8121973 0.6218294 0.83009505 0.67214113 0.77016044 0.7416638 0.7738313 0.73888403 0.56879896 0.20786378 0.17778294 0.8112853 0.77529716 0.7518323 0.80602586 0.7875861 0.7652994 0.73346263 0.67926866 0.69743437 0.34602976 0.25176218 -0.18361415 -0.3090199 -0.33276328 0.03203726 0.094175465 0.6486818 0.74035704 0.6944029 0.7181547 0.45263892 0.08408833 0.45788398 NaN NaN 0.24948509 -0.04995976 -0.23974235 0.09478879 -0.35116637 -0.4044283 -0.08257038 0.008632081 -0.16544087 0.0072768754 -0.086271115 0.0359673 -0.006932623 -0.11883731 -0.1447522 -0.14497243 -0.50540286 -0.40420058 -0.22738522 -0.5406824 -0.14901687 -0.21333903 -0.535794 -0.45265016 -0.36984956 -0.3545056 -0.34801424 -0.43859187 -0.19239524 -0.46153954 -0.20463213 -0.3917858 -0.48019037 -0.067109674 -0.4088914 -0.5476782 -0.60349447 -0.48218408 -0.46745208 -0.17050844 -0.08017314 -0.16817924 -0.37656552 -0.64406085 -0.2924366 -0.024103137 0.03098065 -0.48485377 -0.4990401 -0.26971322 -0.42247137 -0.43437856 -0.18859032 -0.19002339 -0.2761756 -0.10255079 -0.135705 -0.33306047 -0.3965567 -0.3274273 -0.14090566 -0.45801395 -0.47281972 -0.24296613 -0.22114593 -0.13231207 -0.09047698 -0.6593537 -0.45271114 -0.121604994 -0.5656161 -0.46388212 -0.52534556 -0.08684314 -0.16738592 -0.084219284 -0.6102764 -0.4312482 -0.24268816 -0.14596213 -0.18166405 -0.18089713 -0.22623014 -0.19738962 -0.17991151 -0.26578346 -0.17249231 -0.47525793 -0.31557047 -0.30323243 0.069804534 0.12282991 -0.17829536 0.14310655 -0.18167444 -0.11449572 -0.2603898 0.0573339 -0.010043787 -0.31855544 -0.2571479 -0.22456278 -0.26754615 -0.18154219 -0.15290725 0.05120314 -0.010586868 -0.44487336 -0.5201122 -0.025389023 -0.22307163 -0.15081976 -0.36982176 -0.31548625 -0.29062924 -0.031006508 0.052311607 -0.386279 -0.30533123 -0.030584324 0.030792471 -0.046634972 -0.3142473 -0.21856926 -0.03953649 -0.24081694 -0.17924581 0.01919104 0.0069379895 -0.09208637 0.165142 -0.086916395 -0.25729766 -0.25182533 -0.28540647 0.1971759 0.31434083 0.29735377 0.31181908 -0.0872625 
0.05236367 -0.37274346 -0.5718554 -0.40640277 -0.20013571 0.5176489 -0.3946429 -0.005818722 0.11862771 0.5078271 0.15112272 0.8518359 1.0 0.8131662 0.6649522 0.17883918 0.69464827 0.30877882 0.8160111 0.833503 0.7777361 0.83695066 0.75238204 0.8315704 0.47582576 -0.055844914 -0.16749239 0.7623645 0.8893906 0.8614559 0.805828 0.786675 0.8008615 0.79203445 0.72465116 0.62787175 -0.015635043 -0.0794122 -0.45418563 -0.5271722 -0.57901764 -0.18455616 -0.20925385 0.7381252 0.7382832 0.8023571 0.7599652 0.23218454 -0.12893604 0.5764393 NaN NaN 0.41172475 -0.037124556 -0.43928978 0.23880522 -0.5044409 -0.59509426 0.17222095 0.2727073 -0.0065819942 0.251654 0.11493899 0.29383928 0.21841887 0.09196246 0.04149616 0.046746515 -0.58612657 -0.44252664 -0.06859455 -0.69600224 0.084051274 0.018044006 -0.6327438 -0.5708515 -0.54120094 -0.48151127 -0.443364 -0.6012141 0.029606674 -0.52101886 -0.0019925851 -0.54098 -0.6174576 0.24777322 -0.32314166 -0.6675144 -0.6677355 -0.6632596 -0.33489618 0.06895478 0.2197783 0.10179171 -0.17130685 -0.66957474 -0.08199843 0.3159162 0.38721105 -0.5798993 -0.43903893 -0.013476438 -0.31567672 -0.6376378 0.052259944 -0.34238142 -0.48694035 0.15735562 0.11368262 -0.23094533 -0.5575255 -0.13282865 0.10725493 -0.66462874 -0.6867552 -0.0336031 -0.13092588 0.10213001 0.18221076 -0.7196044 -0.28130367 0.15994754 -0.6931482 -0.63647443 -0.61270124 0.2030455 0.091153175 0.22575806 -0.6479595 -0.6098593 0.02262072 0.116658755 -0.049180787 0.09767613 0.053504184 0.07281749 0.078498326 -0.047256343 0.06092567 -0.62391174 -0.50620174 -0.4244917 0.042101678 0.32531214 -0.29722756 0.260139 -0.42379802 -0.2841616 -0.47430837 0.2890365 0.2344309 -0.5668809 -0.41724727 -0.43035474 -0.44706422 -0.10358079 -0.1775504 0.18978192 0.21905394 -0.6421354 -0.6202513 0.18919452 -0.18696207 0.02368679 -0.4264311 -0.2674134 -0.2709718 -0.11628787 0.26929137 -0.58413255 -0.57817984 -0.028116228 0.049872633 0.07523217 -0.4428118 -0.26024476 0.07734776 -0.27842075 -0.06629319 0.24036741 0.114801 0.03913982 0.39083794 -0.0897009 -0.45385125 -0.5027781 -0.5481533 0.38486618 0.5543492 0.49377787 0.44763204 -0.026203953 
0.026499128 -0.14143433 -0.32600182 -0.12290317 0.13312864 0.555185 -0.029597394 0.25638315 0.37100914 0.72714 0.56404674 0.9231726 0.8131662 1.0 0.8785092 0.56248266 0.8279541 0.6777849 0.8112367 0.66293794 0.78840077 0.74592674 0.8117491 0.7499853 0.67279917 0.32666615 0.2615888 0.8245919 0.75158834 0.73727316 0.80945534 0.7801572 0.7588056 0.7278659 0.6580627 0.6752738 0.399204 0.3356026 -0.12898676 -0.26129022 -0.28110573 0.12042951 0.15665197 0.6281449 0.7436578 0.6791919 0.7214521 0.5345181 0.19952583 0.52103466 NaN NaN 0.33752692 0.040884387 -0.15167539 0.14668833 -0.27991098 -0.33669224 -0.11824212 -0.067465276 -0.24630545 -0.09060934 -0.16396868 -0.043673925 -0.09010334 -0.20531118 -0.21506761 -0.22071894 -0.5439921 -0.47340232 -0.317959 -0.55333954 -0.23366717 -0.29892248 -0.53394675 -0.43904096 -0.30489877 -0.2747721 -0.26329002 -0.38905397 -0.27966043 -0.4932777 -0.20651197 -0.30300757 -0.40282464 -0.10218642 -0.43893886 -0.514744 -0.54606074 -0.4234147 -0.52450544 -0.25707126 -0.15122154 -0.24028978 -0.4495229 -0.6744909 -0.35449302 -0.102362156 -0.04322673 -0.43266535 -0.48537567 -0.3361097 -0.44966385 -0.3873486 -0.25841898 -0.1688475 -0.24001507 -0.18338417 -0.1935348 -0.27174067 -0.33148375 -0.34673744 -0.21295471 -0.39333966 -0.43215042 -0.32272303 -0.26770467 -0.20040607 -0.15033312 -0.63048995 -0.46806067 -0.17042811 -0.50492644 -0.39484012 -0.49769643 -0.13895454 -0.22380958 -0.12258324 -0.549442 -0.35453552 -0.2873218 -0.19775222 -0.20903099 -0.23508486 -0.2578264 -0.23123164 -0.21707931 -0.3018301 -0.20210396 -0.41226873 -0.22783138 -0.21082796 0.11218591 0.080083616 -0.16069639 0.116933726 -0.1155578 -0.06945246 -0.2222435 -0.0034619079 -0.074782826 -0.27833208 -0.18382646 -0.15709327 -0.20329426 -0.20874126 -0.21162254 -0.026444389 -0.09876279 -0.45176595 -0.5769748 -0.12035433 -0.30821243 -0.24010925 -0.42677575 -0.3975591 -0.34792212 -0.08037094 -0.061094213 -0.4247473 -0.28562593 -0.12764506 -0.0796942 -0.15985078 -0.41642585 -0.3325887 -0.16781607 -0.33377877 -0.28900754 -0.10472135 -0.13845909 -0.2233708 0.030016365 -0.16245222 -0.22351356 -0.20984742 -0.25133926 0.17088327 0.25933856 0.24461 0.3006409 -0.046625897 
0.0044198027 -0.013638151 -0.14880347 -0.0094648255 0.19857161 0.47599164 0.084593706 0.2513447 0.3479222 0.68835586 0.6635394 0.86801 0.6649522 0.8785092 1.0 0.7451469 0.822326 0.77583814 0.7926414 0.6075283 0.7221082 0.6715065 0.8106403 0.69199973 0.6236531 0.39699683 0.42116666 0.80735195 0.6766617 0.6605268 0.7627354 0.727568 0.6908908 0.6638497 0.5970618 0.6694635 0.56343657 0.4700518 0.05566618 -0.087638736 -0.10833782 0.18553592 0.25513318 0.5505371 0.67487466 0.60427624 0.6495909 0.5807951 0.2627794 0.4412245 NaN NaN 0.23313159 0.012064403 -0.026172133 0.048848145 -0.17690127 -0.2230573 -0.22460242 -0.112199254 -0.24830784 -0.1688421 -0.20352969 -0.09594793 -0.117393516 -0.25498518 -0.24569792 -0.2651441 -0.4290662 -0.32376143 -0.3235754 -0.3742368 -0.30152074 -0.37100106 -0.41418952 -0.3296439 -0.18896054 -0.20531766 -0.2187484 -0.27251586 -0.34363672 -0.38005134 -0.35391927 -0.2399544 -0.3226938 -0.27071294 -0.44876173 -0.36056906 -0.4801197 -0.30477133 -0.5634381 -0.33178163 -0.23705015 -0.34445137 -0.49831435 -0.6386574 -0.3824659 -0.23188579 -0.18713458 -0.375193 -0.5265903 -0.42883256 -0.5052727 -0.2529235 -0.33335534 0.0060788267 -0.08370418 -0.30906516 -0.36986062 -0.44298634 -0.30647886 -0.493674 -0.34253898 -0.28437397 -0.2842104 -0.4032212 -0.21581098 -0.28620237 -0.26803285 -0.5859299 -0.54726124 -0.3191807 -0.46039253 -0.31049728 -0.43243176 -0.2676114 -0.32031363 -0.24597578 -0.4869448 -0.23385444 -0.38183108 -0.29345894 -0.18602164 -0.2943823 -0.34038463 -0.3171861 -0.28987786 -0.35553706 -0.2901589 -0.37308183 -0.1643156 -0.2321675 0.08716409 -0.059274822 -0.15423751 -0.010549477 -0.027569186 -0.044623856 -0.17962068 -0.1688765 -0.22384576 -0.17045589 -0.14638905 -0.070915736 -0.16351783 -0.3601172 -0.24152784 -0.12860227 -0.21349347 -0.34983525 -0.49220678 -0.20427983 -0.27005905 -0.2791043 -0.3752323 -0.38414896 -0.35812265 0.06857073 -0.11318154 -0.28383502 -0.13996601 -0.05832929 -0.075877905 -0.22051772 -0.3625954 -0.30296516 -0.2135036 -0.32938987 -0.32675493 -0.17066814 -0.115132414 -0.28167966 -0.111622974 -0.24109964 -0.19239253 -0.08801701 -0.1520922 0.06521113 0.15006804 0.13801458 0.19964957 -0.052124046 
-0.027431022 0.40873474 0.31876567 0.46570024 0.59654886 0.4379742 0.57210886 0.54976106 0.56591356 0.6821648 0.86448824 0.53968096 0.17883918 0.56248266 0.7451469 1.0 0.6962525 0.91157603 0.40655434 0.16531967 0.38029104 0.28938884 0.5437271 0.28032792 0.6457608 0.759973 0.794128 0.50066084 0.2018981 0.20944391 0.41872802 0.36359924 0.29066065 0.2513962 0.17233221 0.32003286 0.78771937 0.7902288 0.49762753 0.35811043 0.35400906 0.51816916 0.5409271 0.0940205 0.3211688 0.16099477 0.29360086 0.73372465 0.6523202 0.27523175 NaN NaN 0.12737785 0.22807482 0.43728328 0.022211973 0.25902644 0.26938912 -0.52407306 -0.547325 -0.557803 -0.5777642 -0.55478776 -0.5292447 -0.5256568 -0.60896385 -0.5685386 -0.5903353 -0.25812715 -0.32603124 -0.6140337 -0.03770169 -0.6386505 -0.683234 -0.08493471 0.030432211 0.31699938 0.28635505 0.24150178 0.19064683 -0.63947946 -0.15865205 -0.36828017 0.29291123 0.19650848 -0.597862 -0.4405768 0.0117995525 -0.023282908 0.2403271 -0.6094264 -0.6682056 -0.6775411 -0.6963742 -0.69991994 -0.38442487 -0.60980797 -0.6770446 -0.64174193 0.0825112 -0.24952404 -0.6082604 -0.47566992 0.2279302 -0.6669876 0.23669383 0.31644627 -0.64818627 -0.57527506 -0.1791837 0.22640648 -0.5045842 -0.6748062 0.24637166 0.1721112 -0.6795594 -0.4238576 -0.65079045 -0.66129905 -0.24694501 -0.5647592 -0.6405155 0.039706167 0.22049978 -0.08474191 -0.6520978 -0.66995376 -0.64929754 -0.14330423 0.26460853 -0.703513 -0.6675203 -0.4063689 -0.66431224 -0.6835921 -0.6711861 -0.6578793 -0.64474714 -0.5957624 0.056988794 0.3717512 0.21020761 0.13418555 -0.35493317 0.15470637 -0.14597173 0.44208652 0.29048052 0.2398696 -0.5114566 -0.5788658 0.2950691 0.32022893 0.3964397 0.32077464 -0.36523128 -0.23251878 -0.4532647 -0.6097169 0.01847744 -0.23655868 -0.5721833 -0.42145061 -0.57076514 -0.30032867 -0.43284622 -0.4062724 0.027437646 -0.54529613 0.061859872 0.34901354 -0.24623163 -0.3039974 -0.5177592 -0.21330807 -0.35908124 -0.49688885 -0.36923054 -0.5516123 -0.58081746 -0.44382644 -0.5712133 -0.4775878 -0.24333648 0.25830162 0.38527587 0.31225237 -0.22884025 -0.29588312 -0.26208282 -0.06972613 -0.055844218 
0.05375278 5.7324854E-4 -0.22540314 0.077917725 0.3143649 0.67328 0.10810718 0.4167676 0.47862697 0.7360721 0.5731253 0.8121973 0.69464827 0.8279541 0.822326 0.6962525 1.0 0.79339314 0.8101346 0.6638785 0.7979459 0.7599923 0.83297557 0.7484209 0.8029408 0.48649508 0.34773582 0.82484376 0.6955239 0.67777485 0.7744187 0.7367773 0.7053662 0.6582516 0.57612854 0.5846631 0.36067244 0.39049125 -0.079056315 -0.19699441 -0.20731004 0.2823549 0.19641402 0.5189887 0.6763414 0.598342 0.6982033 0.60444355 0.30613106 0.59390074 NaN NaN 0.3941505 0.20050962 -0.018161675 0.3178794 -0.13431571 -0.19307624 -0.14656517 -0.19776393 -0.34648788 -0.18179853 -0.24832496 -0.15939778 -0.23790139 -0.31832084 -0.33252183 -0.32126677 -0.57959145 -0.60062486 -0.449001 -0.57000977 -0.3513627 -0.4372456 -0.50506794 -0.34390014 -0.14576063 -0.063805476 -0.04413987 -0.29127032 -0.4029439 -0.5028821 -0.06415105 -0.11480471 -0.26248252 -0.12192347 -0.46158797 -0.48722267 -0.3976222 -0.2928179 -0.5463253 -0.3814567 -0.29968697 -0.34120062 -0.5328424 -0.66655105 -0.46280447 -0.20463017 -0.15643717 -0.3529827 -0.45341307 -0.39635444 -0.5030645 -0.34686372 -0.42181224 -0.25022197 -0.25932607 -0.3334217 -0.26050216 -0.11763699 -0.1992121 -0.33976284 -0.3232795 -0.31021276 -0.41703352 -0.4378699 -0.47862658 -0.37397423 -0.2931846 -0.61130387 -0.48170048 -0.23291226 -0.37810013 -0.26578432 -0.47147238 -0.25216496 -0.34866628 -0.24365425 -0.5608582 -0.27547118 -0.42683768 -0.34112635 -0.41279316 -0.3850174 -0.38880685 -0.36735144 -0.369071 -0.45775217 -0.3322973 -0.3614161 -0.056276333 -0.042345054 0.042056587 0.024908967 -0.06608174 0.0797465 -0.028116047 0.011950211 -0.15151238 -0.060812555 -0.14866385 -0.21708608 0.01277064 -0.04048571 -0.039207783 -0.15368329 -0.24873774 -0.14960203 -0.21293907 -0.42544314 -0.56223696 -0.22347571 -0.45532024 -0.3367758 -0.49381483 -0.4420724 -0.4402543 -0.25390455 -0.1969717 -0.40768 -0.23461905 -0.30162984 -0.20608976 -0.26975137 -0.44965485 -0.44940087 -0.27122724 -0.44627416 -0.426261 -0.28259966 -0.34171525 -0.35814562 -0.065197505 -0.15831378 -0.06093175 -0.11664837 -0.14553727 0.1496558 0.20696004 0.22084384 0.293645 -0.07167746 
-0.019912867 0.35485145 0.2253871 0.41020435 0.6115366 0.5437192 0.5240415 0.57868266 0.61676455 0.7370626 0.82924116 0.6218294 0.30877882 0.6777849 0.77583814 0.91157603 0.79339314 1.0 0.5197889 0.2613969 0.4847586 0.4001551 0.62527686 0.40159136 0.7242153 0.7460533 0.73152274 0.596256 0.3091685 0.31088445 0.49946105 0.444877 0.38904798 0.35046062 0.27265492 0.38264245 0.7195057 0.73908836 0.38360137 0.2554855 0.2649559 0.5197831 0.5309004 0.17214224 0.39472488 0.22664548 0.36325833 0.70616543 0.5762761 0.34264916 NaN NaN 0.21191388 0.27251774 0.37613764 0.14833218 0.24749745 0.22839533 -0.42311335 -0.47073928 -0.5016766 -0.49880886 -0.48348916 -0.44839865 -0.46236005 -0.5523077 -0.521303 -0.5369041 -0.28935054 -0.4001071 -0.60696864 -0.14821441 -0.5976386 -0.64636505 -0.16153505 -0.0389665 0.23790823 0.23438516 0.2092992 0.08667308 -0.6357124 -0.26198348 -0.29732713 0.23235008 0.11456671 -0.5048581 -0.44469523 -0.11260481 -0.08789951 0.13573718 -0.61572367 -0.6524663 -0.6394564 -0.65871066 -0.70582235 -0.43683416 -0.619807 -0.60956967 -0.5677987 -0.011166005 -0.30417883 -0.6162728 -0.52112865 0.087268725 -0.6495598 0.070661314 0.16528912 -0.6142541 -0.54184 -0.1649146 0.13868867 -0.48154888 -0.62892723 0.12849851 0.027329829 -0.666629 -0.49166173 -0.63133216 -0.6151416 -0.31757393 -0.5584577 -0.5639269 -0.0314676 0.115358576 -0.19639273 -0.59102553 -0.63046974 -0.5807414 -0.22375375 0.15470752 -0.6726543 -0.6303516 -0.4363221 -0.63080835 -0.636463 -0.6248384 -0.6095816 -0.63679653 -0.5511545 -0.043151755 0.2873614 0.17398836 0.08838504 -0.31567514 0.10130613 -0.13529523 0.33275956 0.21111487 0.14981423 -0.41699708 -0.49373603 0.17652467 0.2433268 0.2825913 0.24096446 -0.30753702 -0.26855943 -0.4161428 -0.5555014 -0.0804295 -0.31613174 -0.52945405 -0.4638068 -0.5579111 -0.35585707 -0.4561908 -0.41244763 -0.09173405 -0.511516 -0.063501015 0.21372601 -0.31360847 -0.34884846 -0.5080601 -0.28041303 -0.4238671 -0.4975158 -0.40991682 -0.53739303 -0.564885 -0.49603707 -0.56461436 -0.4266681 -0.19373551 0.23355083 0.2810228 0.24573028 -0.11481629 -0.20076504 -0.18193133 0.009087561 -0.05479187 
