1.0 0.8874563 0.12264614 -0.008952079 -0.07393401 0.25773382 0.50381184 -0.014403693 -0.17143713 0.056796532 0.52413696 -0.19689858 -0.28050268 -0.24579279 0.50303525 -0.16657959 0.031174773 0.14282218 -0.2029855 -0.41384405 -0.4055349 -0.34998834 -0.42111945 -0.33915004 -0.29398265 -0.27864307 -0.2795711 -0.3325178 -0.31518355 -0.35770124 -0.34096715 0.16407473 0.5364251 0.32234284 0.4601131 0.308455 0.4978887 0.56281775 0.016836211 -0.13731582 0.02016112 -0.1444347 -0.14786708 0.41210744 -0.18197206 -0.17024302 -0.11079734 NaN NaN 0.072255455 -0.4692288 -0.5050881 -0.26224977 -0.004312958 0.45590493 0.5234449 0.39632642 -0.31550863 -0.2566933 -0.05004411 0.18767828 -0.043588985 -0.5164047 -0.5324614 0.25833583 0.5021345 0.28085157 0.52194613 0.61685514 NaN 0.6338127 0.6236711 0.6060577 0.5660347 0.6604461 0.6254783 0.59098786 0.5695644 0.5816822 0.5639852 0.449607 0.06026202 -0.3546927 -0.6233428 -0.6086362 -0.6038819 -0.44148856 -0.5668048 0.24831845 -0.07835208 -0.5504453 -0.55974174 -0.59191126 -0.4705805 0.2261941 0.4130013 0.2246092 -0.5547072 -0.44915164 -0.57464254 -0.44059134 -0.56386495 -0.26218572 -0.5587148 -0.5577355 -0.5842285 -0.43361405 -0.36218044 0.052035782 -0.54900986 -0.12218523 0.11258895 0.0067920247 -0.5645311 -0.44957653 -0.22244531 -0.57345575 -0.5818107 -0.13099974 -0.5687731 -0.5393797 -0.52499425 -0.2929854 -0.38375494 -0.2906625 -0.44679552 -0.025471978 -0.5209884 -0.55125374 -0.5550846 0.007706468 0.44417608 0.5534395 0.57739425 0.5015105 0.14382894 0.1322947 0.50950426 0.44411293 0.44856048 0.17506807 0.38844812 0.18942416 -0.47027978 -0.5576001 -0.32969093 -0.5219467 -0.5428125 0.04370301 0.46808302 0.46719342 -0.3079246 -0.5528951 -0.15836875 -0.2887512 -0.5711314 0.10280213 0.22693948 0.22077024 0.15849167 -0.3350657 -0.5735898 -0.43226987 -0.51037484 -0.510692 -0.49832466 -0.5146279 -0.26833606 -0.03131361 0.13987078 0.07968022 0.40804574 0.43612498 0.3428741 0.09048835 0.41375148 0.445479 0.42142743 0.022204025 0.2922687 0.20119308 
0.8874563 1.0 0.2920995 0.12032331 0.03471135 0.4783662 0.73390305 0.17631538 -0.04642388 0.29078817 0.71945494 -0.045928374 -0.21850128 -0.11992146 0.6682493 -0.03999725 0.22379044 0.32932425 -0.1085927 -0.3881546 -0.37527314 -0.29501152 -0.39846197 -0.27890572 -0.22679149 -0.21326303 -0.212028 -0.2859024 -0.2634215 -0.32610136 -0.29638934 0.35818017 0.6760353 0.48897764 0.6105775 0.46240744 0.64309543 0.69163895 0.17924695 -0.017873153 0.14334255 -0.024218217 -0.037459183 0.55789495 -0.06931885 -0.08888177 -0.034792095 NaN NaN 0.085476354 -0.61670095 -0.67287195 -0.44186622 -0.12684475 0.39712924 0.48028204 0.3236815 -0.45028287 -0.39283362 -0.15384729 0.12714465 -0.11488086 -0.6307499 -0.6619034 0.21449511 0.46654359 0.21128136 0.4859165 0.59764534 NaN 0.6095247 0.59567523 0.579057 0.5478233 0.6448417 0.61669946 0.58622986 0.56805557 0.5799193 0.5717727 0.46528542 0.031810895 -0.39315322 -0.76194805 -0.7538546 -0.75472164 -0.5880296 -0.71226025 0.24512339 -0.1463633 -0.70278835 -0.7167297 -0.74292046 -0.61011714 0.18687296 0.41433275 0.21188189 -0.6608443 -0.5781757 -0.72552824 -0.5769662 -0.7245914 -0.3831609 -0.7187853 -0.71719646 -0.75301933 -0.58363926 -0.50335246 -0.015743582 -0.6997921 -0.22228462 0.071001664 -0.053828403 -0.7006584 -0.59052896 -0.32145378 -0.72538 -0.74457884 -0.22670572 -0.734846 -0.7047726 -0.6992649 -0.4144458 -0.47716087 -0.35233495 -0.59274906 -0.09745566 -0.66138726 -0.7083372 -0.69545764 -0.0076221484 0.50356394 0.6016047 0.6276115 0.55186564 0.18710504 0.1805918 0.59406036 0.53702086 0.5684023 0.27210033 0.48186988 0.2565046 -0.49121833 -0.66088575 -0.370644 -0.6173889 -0.65386033 0.068888165 0.5362457 0.5417204 -0.35770488 -0.66661584 -0.1800198 -0.3612697 -0.6834738 0.13592649 0.2829569 0.28593224 0.19325776 -0.39778054 -0.705282 -0.54228944 -0.6594431 -0.656677 -0.6244144 -0.62940896 -0.3130289 0.0015828784 0.1996018 0.120277174 0.49246117 0.5189029 0.43798336 0.15735972 0.51202714 0.5316855 0.55424684 0.14840828 0.4310205 0.29117286 
0.12264614 0.2920995 1.0 0.9549849 0.88792074 0.7538996 0.3869056 0.71179247 0.7545613 0.64424217 0.07154141 0.66466075 0.70956206 0.6591722 -0.06914599 0.70283115 0.6717481 0.70109934 0.5884975 0.49190593 0.5267737 0.46177074 0.35438395 0.50801736 0.6711096 0.66552037 0.6607053 0.59055465 0.609035 0.56640136 0.5845417 0.39953512 0.07153927 0.38295102 0.27032462 0.4204512 0.16089797 0.03203616 0.55532765 0.5385965 0.33162844 0.4489103 0.50891656 0.111016676 0.6492794 0.64644635 0.61285746 NaN NaN 0.18614255 -0.12317936 -0.09252849 -0.4544272 -0.48310897 -0.43111315 -0.40810654 -0.4837367 -0.12731798 -0.40625486 -0.5169473 -0.49298963 -0.41189292 0.10781511 0.008683678 -0.50853354 -0.39995116 -0.27597067 -0.31368536 -0.28439945 NaN -0.26012173 -0.20472507 -0.17106211 -0.22817345 -0.1825595 -0.1997609 -0.2649498 -0.31075424 -0.2988802 -0.27574983 -0.40523016 -0.5036297 -0.29285392 -0.16819622 -0.023265757 -0.08785521 -0.45154446 -0.11710989 -0.4743238 -0.4692803 -0.28902507 -0.028774189 -0.04038508 -0.33382174 -0.56131065 -0.45375282 -0.39845046 0.14258482 -0.26973385 -0.17181738 -0.29039598 -0.1591602 -0.55666345 -0.12364495 -0.067151874 -0.16211748 -0.4993174 -0.5216233 -0.4838324 -0.06435835 -0.4461871 -0.46214512 -0.5219785 0.027936991 -0.25379917 -0.48881254 -0.28036624 -0.098848104 -0.57594657 -0.14888239 -0.14630465 -0.31515744 -0.5367098 -0.21670943 -0.416673 -0.22983882 -0.60483867 -0.36725825 -0.09747399 -0.020235982 -0.37751675 -0.28752923 -0.20670383 -0.19004841 -0.13636969 -0.002597788 0.06173911 -0.18705034 -0.15686147 -0.13708231 0.70636624 -0.16038615 -0.40953425 -0.28042185 0.07595899 -0.34594256 -0.08655634 -0.08907342 -0.43470967 -0.30592135 -0.213139 -0.30090293 0.0598345 -0.5722793 -0.46417063 -0.13843864 -0.50300413 -0.39066157 -0.40045455 -0.5005958 -0.39785138 -0.06630416 -0.24781387 -0.23911032 -0.16953012 0.0108072255 -0.019337583 -0.45984715 -0.30381042 -0.4497816 -0.19926661 -0.26876003 -0.23423447 -0.22037022 0.016028281 -0.15812965 -0.21295887 0.18753934 0.4921535 -0.014936684 -0.08110202 
-0.008952079 0.12032331 0.9549849 1.0 0.9636644 0.7267387 0.29815575 0.6976815 0.7942098 0.59499305 -0.025439158 0.66446525 0.7530059 0.6623621 -0.1703269 0.6839313 0.60493124 0.6401543 0.61335826 0.5516484 0.5747499 0.4924505 0.39986724 0.53703916 0.6996583 0.6780391 0.6716779 0.6083431 0.62874484 0.58975357 0.6020996 0.29951274 -0.0338594 0.29817206 0.1720237 0.3522483 0.06857494 -0.06390617 0.495257 0.5378755 0.3180284 0.44690347 0.5065144 0.033750895 0.6369036 0.6279764 0.5886533 NaN NaN 0.123695984 -0.062001098 -0.011292818 -0.42837974 -0.5117021 -0.507908 -0.46418217 -0.54763913 -0.10469611 -0.38857582 -0.5241482 -0.5381622 -0.43857527 0.18132585 0.0920056 -0.5178686 -0.47030044 -0.3256156 -0.37142527 -0.3520928 NaN -0.3283976 -0.29510486 -0.2662721 -0.31084925 -0.26759565 -0.28133747 -0.3401437 -0.36837178 -0.363933 -0.35411584 -0.46272215 -0.48007372 -0.20582837 -0.047526643 0.09923763 0.029044038 -0.35161853 -0.007449119 -0.48804075 -0.42534646 -0.1893503 0.080240615 0.072564654 -0.23226468 -0.5745825 -0.4976484 -0.4013469 0.26410493 -0.16562557 -0.052061632 -0.17377627 -0.041049283 -0.49075794 -0.00945401 0.047257304 -0.03870774 -0.40325126 -0.43985647 -0.44917592 0.052892875 -0.38574076 -0.44954377 -0.5148801 0.13706173 -0.14675578 -0.4245442 -0.15268758 0.021269137 -0.522754 -0.03145373 -0.038176496 -0.21244434 -0.48036993 -0.13469394 -0.35209092 -0.13465185 -0.57971543 -0.25906563 0.008109523 0.07666531 -0.3586353 -0.34444124 -0.2877779 -0.2681896 -0.24065174 -0.07758023 -0.012883447 -0.25786737 -0.21652955 -0.20259461 0.64847815 -0.24606536 -0.43696672 -0.20814963 0.16614789 -0.31764433 -0.018588897 -0.0018939665 -0.47295913 -0.3672768 -0.27221048 -0.26795274 0.14795351 -0.56442404 -0.43773344 -0.054535814 -0.5083396 -0.43262064 -0.43668464 -0.5317686 -0.32694104 0.056481432 -0.15420525 -0.14596397 -0.07403351 0.09551873 0.058945663 -0.4433766 -0.34036362 -0.49359664 -0.2488327 -0.33313778 -0.3084682 -0.29606527 -0.052048463 -0.2396664 -0.26114082 0.11191543 0.4671297 -0.06607935 -0.10834169 
-0.07393401 0.03471135 0.88792074 0.9636644 1.0 0.7614976 0.30055946 0.7642653 0.86804676 0.64600116 -0.040670697 0.7433689 0.8174407 0.7367917 -0.19260722 0.75269216 0.66079193 0.66226727 0.6712129 0.61666006 0.63001853 0.54967195 0.4470444 0.5839451 0.7533822 0.7233491 0.7287283 0.66454005 0.69469917 0.6615724 0.6779608 0.35652873 -0.033748545 0.33459643 0.20009983 0.3920946 0.084170476 -0.074959435 0.5723516 0.61642194 0.3737404 0.5251771 0.5867645 0.03616019 0.708271 0.7040672 0.65827245 NaN NaN 0.14687933 -0.019792449 0.03012268 -0.42743632 -0.5305332 -0.55691737 -0.51758355 -0.60233766 -0.08786599 -0.39189547 -0.5602996 -0.5826953 -0.4550222 0.23054515 0.13857904 -0.5586361 -0.5232857 -0.35493174 -0.42027885 -0.40231907 NaN -0.37546998 -0.3400224 -0.3088034 -0.3530754 -0.3186449 -0.33231837 -0.39056814 -0.41688713 -0.41064918 -0.40488786 -0.5121943 -0.5009625 -0.19242401 -0.005161892 0.14798282 0.07300947 -0.3422699 0.035897765 -0.531498 -0.43658474 -0.14653505 0.13110101 0.117539935 -0.21890919 -0.62467176 -0.55146575 -0.44621918 0.3085219 -0.1618044 -0.030158069 -0.16670293 -0.015517009 -0.5252067 0.014886328 0.077058226 -0.011217866 -0.41287354 -0.45425755 -0.48411345 0.092954755 -0.40691307 -0.4876842 -0.5482048 0.17900226 -0.14743873 -0.4487734 -0.12594356 0.0562037 -0.55897164 -0.0023406951 -0.013193249 -0.20832808 -0.5115413 -0.14202411 -0.37340352 -0.121765144 -0.6284378 -0.24632478 0.04578682 0.12023742 -0.3796415 -0.3946205 -0.3409907 -0.31822488 -0.29384238 -0.113755435 -0.04324112 -0.3023301 -0.25505364 -0.24199663 0.6101043 -0.29147252 -0.47650945 -0.21260867 0.19730966 -0.3303031 0.0040059825 0.025898194 -0.51168203 -0.4112646 -0.32112095 -0.27478796 0.18770614 -0.5994453 -0.45279762 -0.03145775 -0.55419695 -0.49190074 -0.49139404 -0.591772 -0.3460251 0.08124828 -0.16834275 -0.13668431 -0.058601424 0.114775866 0.08492094 -0.4637877 -0.3729114 -0.5420217 -0.27997053 -0.38042822 -0.358662 -0.34311453 -0.059028015 -0.27391398 -0.292959 0.108589254 0.5212927 -0.06110905 -0.10221276 
0.25773382 0.4783662 0.7538996 0.7267387 0.7614976 1.0 0.79346955 0.85845894 0.742371 0.846126 0.49819776 0.69133765 0.50784314 0.59632087 0.32218722 0.60685354 0.7222982 0.7047028 0.5349587 0.3039363 0.30529875 0.3340836 0.19444327 0.35056373 0.46639395 0.41640577 0.42855433 0.3519943 0.39318624 0.3378124 0.37546223 0.587675 0.37144932 0.56599885 0.53422904 0.567722 0.45559654 0.31074804 0.62673205 0.57750076 0.45505732 0.51978487 0.54479235 0.38289514 0.5638275 0.47280827 0.43070418 NaN NaN 0.10463779 -0.35628402 -0.36426207 -0.61256087 -0.5454865 -0.3158154 -0.25841045 -0.39968035 -0.3616374 -0.55080223 -0.5806307 -0.45776445 -0.4332228 -0.17832159 -0.2591111 -0.3734886 -0.2408197 -0.2344236 -0.17484982 -0.108340174 NaN -0.08287171 -0.04842825 -0.02874011 -0.07327094 -0.02645928 -0.042214558 -0.08832798 -0.113859855 -0.1026042 -0.094661176 -0.19022942 -0.37567103 -0.3113551 -0.38483816 -0.2923734 -0.33843407 -0.5561544 -0.32734445 -0.29926926 -0.4294381 -0.47130793 -0.30651844 -0.32512113 -0.4977588 -0.40773135 -0.26242757 -0.27401656 -0.12552695 -0.43711647 -0.4249725 -0.44073865 -0.4039163 -0.62060916 -0.39147434 -0.35131994 -0.42910734 -0.6303203 -0.60783964 -0.39005893 -0.30081448 -0.4221534 -0.3412136 -0.43719864 -0.25257444 -0.46294296 -0.52439606 -0.48397216 -0.37703574 -0.5681287 -0.4186517 -0.41755491 -0.5631097 -0.6245054 -0.38341662 -0.4598964 -0.42731208 -0.5338413 -0.5137908 -0.35031423 -0.26919836 -0.2342723 -0.02960363 0.03128133 0.057304416 0.05161241 0.044221636 0.092968315 0.08950145 0.121052004 0.17621519 0.54490054 0.08773535 -0.15980408 -0.3176339 -0.18166067 -0.35999322 -0.2787326 -0.2797424 -0.26614392 -0.0165521 0.052347485 -0.3231337 -0.1999587 -0.4864677 -0.5007106 -0.34815204 -0.30836216 -0.20017646 -0.18395396 -0.3184612 -0.44663343 -0.32677332 -0.4359886 -0.4624435 -0.41153228 -0.2811576 -0.27916765 -0.49067017 -0.2428982 -0.25973383 -0.10330899 -0.009831109 0.014247512 0.010841092 0.09872454 0.0973097 0.08355326 0.43571404 0.5009438 0.28842133 0.17906716 
0.50381184 0.73390305 0.3869056 0.29815575 0.30055946 0.79346955 1.0 0.58559495 0.33249685 0.6539181 0.84974504 0.31186923 0.037770245 0.17436384 0.7099455 0.20393915 0.47153714 0.5168603 0.17032427 -0.15724088 -0.166063 -0.072964594 -0.20855053 -0.062190115 -0.0017207778 -0.03442675 -0.020784408 -0.100639515 -0.05674613 -0.12607665 -0.09288143 0.52989835 0.67058593 0.6027966 0.67343 0.56504774 0.67064667 0.64606184 0.3902374 0.26760158 0.35574597 0.26279587 0.2341687 0.6173765 0.18063995 0.101308905 0.11050078 NaN NaN 0.05280324 -0.6247237 -0.6766134 -0.59923303 -0.34794626 0.10426765 0.20780583 0.006353926 -0.5706268 -0.5555821 -0.37861642 -0.121939525 -0.2804458 -0.587544 -0.62740946 0.0466813 0.19891934 -0.02837877 0.22425821 0.32888973 NaN 0.33581302 0.3211106 0.3072446 0.300106 0.36014527 0.3541568 0.3328337 0.34577996 0.34516764 0.3318243 0.2802913 -0.023440063 -0.28642818 -0.67880344 -0.67822486 -0.6900158 -0.57660335 -0.63212085 0.14248033 -0.21004544 -0.67391634 -0.6728758 -0.6850707 -0.6003744 0.013690285 0.21582018 0.08991217 -0.54153514 -0.5657079 -0.7000049 -0.54410386 -0.69097084 -0.46543035 -0.70027846 -0.68870497 -0.7219504 -0.6308836 -0.5611376 -0.092282854 -0.62284434 -0.242176 -0.0030884116 -0.13398065 -0.6235769 -0.58004904 -0.35492378 -0.6758288 -0.7018959 -0.31090713 -0.7113926 -0.7037453 -0.730854 -0.5043277 -0.48773816 -0.3501121 -0.58775866 -0.20760614 -0.6211696 -0.6707067 -0.6286622 -0.009116225 0.38891262 0.42371458 0.45260733 0.3581929 0.09238439 0.09072653 0.479584 0.4799257 0.5468761 0.276208 0.40923852 0.23881581 -0.36804286 -0.5719011 -0.34219804 -0.5621126 -0.5790025 0.01829767 0.44080913 0.4554035 -0.31743872 -0.58244765 -0.20299491 -0.40298456 -0.62776595 0.0846498 0.19325112 0.20825733 0.081140235 -0.38227588 -0.64756274 -0.5478504 -0.68137044 -0.6646044 -0.6232266 -0.61470884 -0.39877585 -0.09309734 0.10784872 0.034338593 0.39672342 0.40730745 0.35540518 0.12711379 0.43904102 0.5026723 0.6305274 0.34266698 0.5541309 0.41234237 
-0.014403693 0.17631538 0.71179247 0.6976815 0.7642653 0.85845894 0.58559495 1.0 0.9188116 0.8465597 0.24464692 0.87016666 0.68738985 0.79869395 0.09598474 0.75893784 0.7559488 0.6307483 0.69453555 0.5713387 0.56573206 0.57096267 0.45184797 0.5533475 0.6571551 0.58393884 0.6141786 0.56065524 0.60774744 0.58237034 0.61266565 0.5597245 0.13782477 0.4363268 0.3770418 0.44011983 0.25561008 0.048969038 0.695648 0.7449245 0.5179273 0.6864741 0.7236394 0.20073277 0.7213234 0.60910267 0.5041078 NaN NaN -1.5157972E-4 -0.0983065 -0.07029473 -0.47672936 -0.53316075 -0.5149215 -0.5096315 -0.57033294 -0.11856894 -0.37364084 -0.551488 -0.56074166 -0.39554518 0.12668428 0.034919295 -0.55885136 -0.46503055 -0.3149084 -0.42041218 -0.3728324 NaN -0.33856466 -0.2827213 -0.24634087 -0.29921097 -0.29468024 -0.31088126 -0.35059795 -0.38650012 -0.36544916 -0.34851232 -0.44427487 -0.5069198 -0.26619613 -0.09061444 0.029060088 -0.014842333 -0.38854107 -0.008149023 -0.52216256 -0.4759302 -0.20330079 0.016874826 0.00398174 -0.30895805 -0.59617233 -0.5113104 -0.4636779 0.16081956 -0.24554598 -0.14972843 -0.2745413 -0.11460648 -0.5769304 -0.11338626 -0.05947226 -0.14307699 -0.48816875 -0.5153861 -0.5303972 -0.0053799506 -0.4621779 -0.5027443 -0.5144422 0.057507798 -0.31225994 -0.5282593 -0.24565516 -0.06797811 -0.6156215 -0.12251799 -0.12599202 -0.30712816 -0.5412982 -0.23808667 -0.4419548 -0.22265247 -0.63583374 -0.32170016 -0.053683076 0.042884495 -0.31032875 -0.3141872 -0.2596963 -0.23942792 -0.16848251 0.0053041773 0.070938624 -0.20189995 -0.15053406 -0.12004347 0.4300184 -0.15200002 -0.38626713 -0.18282868 0.12963842 -0.23989342 4.845111E-4 0.0045238216 -0.3531409 -0.3131293 -0.2560672 -0.22903836 0.11456119 -0.4916473 -0.38135704 -0.06685946 -0.49319172 -0.41320089 -0.4057562 -0.52065766 -0.4127577 -0.05923761 -0.3144949 -0.21803388 -0.16934857 -0.030111773 -0.013852502 -0.4321685 -0.26467606 -0.42109227 -0.16561195 -0.2824494 -0.2531144 -0.22527109 0.05696661 -0.14603218 -0.20268726 0.15277123 0.4087244 0.029503338 -0.028893271 
-0.17143713 -0.04642388 0.7545613 0.7942098 0.86804676 0.742371 0.33249685 0.9188116 1.0 0.7851593 0.015769836 0.9100348 0.8742675 0.880341 -0.13423571 0.83872193 0.7309468 0.6346466 0.8069833 0.75889766 0.7506304 0.7033661 0.6087938 0.7053573 0.8194787 0.7557732 0.7788022 0.73813075 0.77247226 0.7506747 0.76509917 0.40281928 -0.06903707 0.32104197 0.1904912 0.34907582 0.049940404 -0.15521647 0.6100004 0.7392979 0.44753414 0.66144013 0.71534055 0.0156229045 0.7703556 0.7208094 0.62163216 NaN NaN 0.040947884 0.08485572 0.14497064 -0.3829601 -0.5434564 -0.64894384 -0.6268638 -0.6931395 -0.02945242 -0.35122257 -0.58387005 -0.66133255 -0.46916083 0.31774253 0.22672167 -0.6282472 -0.6175774 -0.41007644 -0.5382956 -0.508695 NaN -0.47664073 -0.4473436 -0.41218993 -0.45974395 -0.4446507 -0.46035177 -0.5058548 -0.52315915 -0.5170516 -0.516331 -0.61098486 -0.55904293 -0.18475457 0.110681705 0.2638964 0.19816521 -0.25963596 0.17357418 -0.6132228 -0.45441723 -0.04345062 0.24152754 0.22425357 -0.16297354 -0.7027804 -0.6554149 -0.533129 0.38941076 -0.09309021 0.06077871 -0.10419176 0.085556336 -0.5266576 0.10266159 0.17052874 0.081952274 -0.3700027 -0.4274988 -0.541879 0.18612581 -0.42072523 -0.56329376 -0.5922279 0.27058154 -0.14805907 -0.48095104 -0.055325426 0.1528373 -0.5904127 0.09051908 0.08266328 -0.13780476 -0.500097 -0.11081819 -0.3856541 -0.07457542 -0.67953324 -0.18084788 0.14349127 0.23709017 -0.35693806 -0.4825383 -0.4494791 -0.4249245 -0.3935683 -0.15812337 -0.07797613 -0.394385 -0.32820895 -0.32388982 0.4366542 -0.39730293 -0.5447044 -0.14299697 0.31113037 -0.2586383 0.12070641 0.14539729 -0.51295024 -0.5015928 -0.42574948 -0.23498902 0.30029482 -0.58188313 -0.38890648 0.09053392 -0.58330196 -0.54420686 -0.5354696 -0.6403948 -0.31887332 0.17002936 -0.1312517 -0.04025452 0.022989344 0.17120227 0.16460624 -0.4355359 -0.36047223 -0.5557606 -0.27184173 -0.44499332 -0.42197558 -0.39396733 -0.04648654 -0.33150432 -0.36748868 -0.01996469 0.41921565 -0.14245011 -0.16961962 
0.056796532 0.29078817 0.64424217 0.59499305 0.64600116 0.846126 0.6539181 0.8465597 0.7851593 1.0 0.503302 0.84761024 0.6271262 0.74475104 0.3095884 0.7324553 0.8022385 0.7127946 0.6616611 0.48029363 0.4644169 0.4858302 0.3592008 0.48573378 0.57154375 0.52298325 0.5403751 0.48024198 0.5197826 0.47816762 0.5137495 0.61797935 0.29033032 0.54267794 0.4744256 0.5153658 0.36279303 0.19049856 0.6330446 0.63467634 0.47000274 0.5874143 0.6108981 0.2839742 0.6193845 0.5361219 0.47566274 NaN NaN 0.06774739 -0.2058961 -0.20029 -0.46482778 -0.43761635 -0.34612334 -0.33252683 -0.43442118 -0.24323587 -0.4449086 -0.51720446 -0.47080094 -0.4053005 -0.06332234 -0.1494814 -0.41460812 -0.32676068 -0.2776822 -0.28915325 -0.22419623 NaN -0.19751449 -0.16163339 -0.13668314 -0.17473245 -0.15697776 -0.17074224 -0.20183706 -0.22179244 -0.21503903 -0.20720196 -0.28088462 -0.4055977 -0.27907994 -0.2594777 -0.16349608 -0.20171905 -0.44198236 -0.17645308 -0.34353372 -0.3892874 -0.3295166 -0.16623743 -0.1772944 -0.39395162 -0.46477678 -0.3586754 -0.350473 -0.043579318 -0.35018647 -0.31297636 -0.36094576 -0.29051492 -0.5778166 -0.27515745 -0.22981597 -0.3083755 -0.53711545 -0.5540891 -0.43635106 -0.19779323 -0.4204544 -0.39557663 -0.4542191 -0.13326019 -0.40921682 -0.4871594 -0.3738093 -0.24379513 -0.5574745 -0.28674793 -0.28429735 -0.44139373 -0.5548497 -0.3146255 -0.42625833 -0.33290258 -0.5607968 -0.4157393 -0.22538967 -0.13056958 -0.26707825 -0.17189136 -0.13033944 -0.11598932 -0.10616644 -0.03372688 0.015782775 -0.078999326 -0.035573713 -0.006345791 0.34534633 -0.093820535 -0.25994185 -0.2660587 -0.058026582 -0.29359633 -0.14829671 -0.15487894 -0.27597445 -0.15130977 -0.110843726 -0.2672241 -0.06307654 -0.44189274 -0.40536845 -0.20700817 -0.34382427 -0.24843585 -0.24122512 -0.3686935 -0.39241883 -0.2227952 -0.34366772 -0.33719864 -0.30507398 -0.19367133 -0.18797287 -0.43844855 -0.2305471 -0.27562383 -0.12159873 -0.11302183 -0.09222776 -0.078207046 0.092486285 -0.010809519 -0.04969435 0.24100693 0.42977306 0.13943762 0.053097013 
0.52413696 0.71945494 0.07154141 -0.025439158 -0.040670697 0.49819776 0.84974504 0.24464692 0.015769836 0.503302 1.0 0.07937188 -0.21311204 -0.07560243 0.8609372 -0.045301247 0.24920844 0.33046076 -0.018802961 -0.3397025 -0.36936554 -0.2510316 -0.348 -0.24068755 -0.2504512 -0.2644854 -0.25830767 -0.30583167 -0.2751441 -0.34082216 -0.30842784 0.4206988 0.7583029 0.55874777 0.64049447 0.48781103 0.6857076 0.734515 0.139326 0.04289543 0.24868459 0.080814436 0.007613539 0.64720416 -0.09201216 -0.15148139 -0.113364525 NaN NaN 0.019618217 -0.62874407 -0.69757867 -0.4065968 -0.11518019 0.3677702 0.49092516 0.27470505 -0.6010633 -0.45782515 -0.16840243 0.10446443 -0.14689563 -0.72408193 -0.7203919 0.35626656 0.43715248 0.0849525 0.42932856 0.5445969 NaN 0.5264445 0.4607622 0.42122814 0.44332469 0.51583064 0.5103929 0.5158302 0.575802 0.5528146 0.51030844 0.51574314 0.22283404 -0.17355967 -0.7033042 -0.7573134 -0.74744177 -0.41771632 -0.676529 0.4283742 0.022590645 -0.6170366 -0.7416704 -0.74978113 -0.50961095 0.3009912 0.48239213 0.3413011 -0.6722617 -0.4888088 -0.7072756 -0.46114624 -0.7279672 -0.2574937 -0.74318236 -0.7560441 -0.7529242 -0.47754988 -0.40209514 0.13382582 -0.70869803 -0.047132585 0.19265968 0.080721095 -0.7290482 -0.5272996 -0.16076073 -0.6405854 -0.7535691 -0.05024306 -0.7419995 -0.7313018 -0.6844233 -0.31223923 -0.4427583 -0.20724785 -0.56379515 0.05648742 -0.5330603 -0.72224563 -0.7080209 0.15744457 0.5443612 0.5253676 0.55159366 0.37577528 -0.011742814 -0.040488113 0.5712751 0.5492843 0.606198 -0.017463943 0.4067682 0.39712936 -0.34916887 -0.7024 -0.2712138 -0.6337321 -0.6515976 0.16574085 0.6036249 0.57918006 -0.2813463 -0.7156212 -0.0020397084 -0.28881344 -0.6887234 0.3274556 0.3771462 0.40071365 0.306812 -0.21657857 -0.685071 -0.43966848 -0.64530176 -0.6591474 -0.69364035 -0.69113064 -0.25117272 -0.008983263 0.32467267 0.076324016 0.54930884 0.5396606 0.46175075 0.07182923 0.5116141 0.6302663 0.5156035 0.11284983 0.52013534 0.38349274 
-0.19689858 -0.045928374 0.66466075 0.66446525 0.7433689 0.69133765 0.31186923 0.87016666 0.9100348 0.84761024 0.07937188 1.0 0.856084 0.9106479 -0.07014745 0.8736528 0.7917706 0.6357471 0.7951639 0.75353676 0.7360813 0.7040913 0.6198519 0.68717724 0.78672093 0.7301702 0.75980806 0.72722536 0.75996786 0.7508735 0.77964354 0.53161603 -0.006120229 0.3633159 0.24907556 0.3597913 0.09211816 -0.1374755 0.6676585 0.75070465 0.45937487 0.67726463 0.7362746 0.030891018 0.773494 0.6945773 0.5953381 NaN NaN 0.055906516 0.12989442 0.17416067 -0.3041158 -0.4449497 -0.59414685 -0.629555 -0.6430724 0.041347507 -0.2722735 -0.5324606 -0.6243385 -0.39959452 0.31817308 0.21730743 -0.6610509 -0.6174077 -0.38991973 -0.56403124 -0.52529365 NaN -0.4865612 -0.42720678 -0.38645837 -0.44323888 -0.45362166 -0.47346073 -0.51034164 -0.5499155 -0.52960217 -0.51550585 -0.615055 -0.6053006 -0.2577742 0.09196088 0.23533651 0.19216846 -0.25515643 0.18433325 -0.6376788 -0.4682155 -0.012359376 0.24629717 0.22953068 -0.16802633 -0.6976374 -0.65905344 -0.56004006 0.32902488 -0.11864548 0.03507169 -0.1701563 0.06644435 -0.55454654 0.081467986 0.14619352 0.058098517 -0.39022088 -0.44286487 -0.6055432 0.17993227 -0.4617804 -0.595844 -0.56194496 0.26395282 -0.16350758 -0.48273897 -0.067348205 0.1441096 -0.6141068 0.08863028 0.08337216 -0.13010593 -0.4759997 -0.124228746 -0.4104199 -0.072352044 -0.68265605 -0.179709 0.15964885 0.2582136 -0.37133285 -0.5019942 -0.44842008 -0.43408746 -0.34274682 -0.0733723 -0.0018581529 -0.40579736 -0.3516293 -0.3405022 0.37656105 -0.3635597 -0.5558976 -0.13367505 0.32470018 -0.18052185 0.17034544 0.18357638 -0.41900793 -0.4957353 -0.4459082 -0.16875076 0.3224223 -0.50206876 -0.30757505 0.12927891 -0.5949579 -0.5435751 -0.5387846 -0.63627934 -0.3538063 0.1289517 -0.17838323 -0.029562628 0.018262941 0.1596553 0.16517642 -0.40895453 -0.33336633 -0.5396476 -0.24144496 -0.46336985 -0.4348023 -0.39788282 -0.008418334 -0.32210058 -0.39334968 -0.017226622 0.40086088 -0.12649816 -0.1536382 
-0.28050268 -0.21850128 0.70956206 0.7530059 0.8174407 0.50784314 0.037770245 0.68738985 0.8742675 0.6271262 -0.21311204 0.856084 1.0 0.9032576 -0.29798388 0.8875842 0.7233837 0.6666831 0.81558585 0.83562005 0.83448637 0.7292438 0.66831815 0.7644073 0.89073616 0.8698676 0.88436306 0.8542254 0.8736039 0.85383433 0.8572082 0.31408173 -0.1803588 0.24451128 0.0564998 0.27386838 -0.109335475 -0.2854306 0.52404064 0.6393893 0.3381103 0.5488801 0.618255 -0.11734145 0.7659848 0.81636196 0.768904 NaN NaN 0.22911167 0.28810307 0.34022513 -0.19711667 -0.42897165 -0.66908085 -0.66355014 -0.703989 0.08813985 -0.2671435 -0.5314599 -0.6496068 -0.44756407 0.44767845 0.3623367 -0.6383879 -0.701257 -0.48054183 -0.60335773 -0.594782 NaN -0.56637305 -0.5411977 -0.50691956 -0.5477187 -0.5282146 -0.54474145 -0.6012273 -0.609196 -0.6163583 -0.6224638 -0.7116214 -0.57976794 -0.13127863 0.24329767 0.40441003 0.33365056 -0.1366893 0.28483456 -0.6454394 -0.39619383 0.11079819 0.41069987 0.39730546 -0.015467113 -0.72260714 -0.71607614 -0.5260206 0.5114679 0.02311411 0.20153943 5.955429E-4 0.21497913 -0.4645234 0.24026364 0.30935556 0.22348693 -0.27572238 -0.35163277 -0.5461276 0.3148503 -0.36525235 -0.5844579 -0.59125 0.4277992 0.024484867 -0.37961692 0.09808449 0.31412932 -0.510168 0.25432083 0.2440262 0.01733509 -0.40726876 -0.0025431816 -0.32145604 0.046793915 -0.647984 -0.045482993 0.2956327 0.3732943 -0.372401 -0.5914826 -0.5759084 -0.54597527 -0.5238005 -0.2566066 -0.1825271 -0.5335048 -0.47191086 -0.47330314 0.4776496 -0.55796546 -0.6441346 -0.14697364 0.41600063 -0.24414049 0.19955781 0.23167601 -0.600703 -0.62428385 -0.5352265 -0.19590366 0.42509297 -0.5753025 -0.34186056 0.20808886 -0.62495506 -0.6328149 -0.62657297 -0.7050381 -0.21188718 0.32146734 0.010110718 0.09749483 0.17610791 0.32878402 0.29869244 -0.40684777 -0.44893578 -0.6584082 -0.3770462 -0.58599484 -0.5688779 -0.5427218 -0.15769653 -0.48570845 -0.508342 -0.114801824 0.48255405 -0.2498006 -0.24837081 
-0.24579279 -0.11992146 0.6591722 0.6623621 0.7367917 0.59632087 0.17436384 0.79869395 0.880341 0.74475104 -0.07560243 0.9106479 0.9032576 1.0 -0.09414601 0.9445478 0.8352007 0.67978704 0.8364829 0.82459766 0.8073696 0.7467396 0.67703485 0.75285494 0.8558583 0.8124172 0.83019906 0.80253136 0.8258614 0.8184859 0.844746 0.5092592 -0.05074736 0.3453535 0.20249465 0.3379214 0.035776146 -0.19785582 0.6577177 0.7430387 0.41724724 0.6463952 0.70352244 -0.043319363 0.77973443 0.74126166 0.6592973 NaN NaN 0.11818179 0.22192055 0.26485243 -0.24544221 -0.42605668 -0.6270854 -0.6671159 -0.6668733 0.11378314 -0.22769314 -0.51079565 -0.6375222 -0.39716503 0.39113373 0.2961624 -0.6947023 -0.6731924 -0.4301146 -0.6083826 -0.575029 NaN -0.5338249 -0.48152453 -0.4403507 -0.49806753 -0.49837115 -0.5189739 -0.56162083 -0.5996521 -0.59009147 -0.57533145 -0.68622833 -0.6534136 -0.26803997 0.14786054 0.30578402 0.25697452 -0.23087686 0.23185611 -0.6769161 -0.46425578 0.039799795 0.326953 0.31300077 -0.10400466 -0.7211164 -0.705763 -0.57373977 0.39566022 -0.074863285 0.09701136 -0.13282453 0.12418514 -0.56131536 0.1413335 0.20776919 0.1146118 -0.37115362 -0.43968737 -0.64057016 0.22668554 -0.4797013 -0.65246403 -0.6105305 0.33506346 -0.12966771 -0.49211904 -0.022394676 0.21941724 -0.6107012 0.16282946 0.15600559 -0.077690974 -0.47910184 -0.09153155 -0.40727833 -0.023574278 -0.69810826 -0.12907742 0.23397778 0.33202645 -0.3821683 -0.5597191 -0.5116146 -0.4921535 -0.41349846 -0.13576353 -0.054932386 -0.47448438 -0.41327986 -0.41634354 0.39299703 -0.46541688 -0.6225223 -0.18209453 0.35875484 -0.23358715 0.18946384 0.20655778 -0.50823736 -0.5674961 -0.49933302 -0.17650563 0.37211984 -0.55119586 -0.31524056 0.17581633 -0.63179225 -0.5907755 -0.58168024 -0.67350626 -0.31748953 0.2142086 -0.118369795 0.03945406 0.09162181 0.2502721 0.2481928 -0.3710607 -0.32537475 -0.5597365 -0.2460398 -0.50607485 -0.4798855 -0.43957815 -0.018946592 -0.36657003 -0.44358137 -0.04755456 0.43018156 -0.17026703 -0.18948357 
0.50303525 0.6682493 -0.06914599 -0.1703269 -0.19260722 0.32218722 0.7099455 0.09598474 -0.13423571 0.3095884 0.8609372 -0.07014745 -0.29798388 -0.09414601 1.0 -0.06691625 0.24610846 0.31603897 -0.04541623 -0.35769442 -0.4096644 -0.29480323 -0.3615379 -0.28114602 -0.31167063 -0.3221524 -0.32700762 -0.36011726 -0.33999214 -0.39953333 -0.3723475 0.3896537 0.75975174 0.5167448 0.6005996 0.41818997 0.6537795 0.7115733 0.053950574 -0.05053836 0.15137328 -0.034971192 -0.11743007 0.5713888 -0.21708061 -0.26488072 -0.2071897 NaN NaN 0.005590766 -0.57403004 -0.6536141 -0.3072274 -0.020658316 0.42127877 0.5253741 0.34588507 -0.55143034 -0.37005574 -0.060216393 0.17844233 -0.07807532 -0.73261315 -0.71014434 0.38312212 0.43562925 0.057718415 0.40804878 0.5411211 NaN 0.52486223 0.44837826 0.40223834 0.4277721 0.5080427 0.5030116 0.5128523 0.5807528 0.54848385 0.5032288 0.5248335 0.25780234 -0.17290679 -0.68144435 -0.7513481 -0.7248099 -0.34323138 -0.65042984 0.48410088 0.10468053 -0.55038565 -0.70773333 -0.69591534 -0.38605553 0.41909266 0.5452162 0.41741133 -0.67082715 -0.43911487 -0.66690683 -0.43192452 -0.7031326 -0.20585972 -0.7270523 -0.74521536 -0.7300781 -0.41654462 -0.3351683 0.17282128 -0.69190234 0.0094315745 0.22516768 0.1361869 -0.7062815 -0.4612262 -0.086756796 -0.57103455 -0.70535314 0.0629473 -0.68196326 -0.67788875 -0.61675686 -0.24288616 -0.40332058 -0.15230936 -0.5093166 0.1464042 -0.44338134 -0.6725153 -0.66863704 0.27455753 0.5815793 0.5398866 0.57282287 0.39063725 -0.0071436716 -0.044771977 0.583783 0.55925316 0.61035275 -0.11546736 0.38290486 0.43262157 -0.34762284 -0.7238553 -0.2552933 -0.6219691 -0.6452096 0.19907571 0.6308448 0.6182146 -0.20794483 -0.7024632 0.098870456 -0.19956592 -0.6350754 0.4127147 0.430566 0.48083463 0.3977813 -0.12478711 -0.6459955 -0.38411176 -0.5856202 -0.61232805 -0.6663922 -0.656149 -0.15155312 0.044931334 0.4061039 0.10715802 0.5813993 0.55960584 0.47952223 0.06284188 0.5268874 0.6426871 0.49103156 0.05359134 0.516254 0.38293 
-0.16657959 -0.03999725 0.70283115 0.6839313 0.75269216 0.60685354 0.20393915 0.75893784 0.83872193 0.7324553 -0.045301247 0.8736528 0.8875842 0.9445478 -0.06691625 1.0 0.92014325 0.7960036 0.7968248 0.773771 0.7780997 0.6995609 0.6213865 0.7270215 0.8615476 0.85613453 0.8695744 0.8250456 0.8365104 0.82336605 0.84437895 0.5591804 0.020515185 0.4136632 0.2667307 0.41109425 0.09273137 -0.11581156 0.69735396 0.6967708 0.39749599 0.59538925 0.6570926 -0.009046413 0.77603596 0.80201924 0.7640827 NaN NaN 0.2290378 0.14803107 0.18123947 -0.27846295 -0.39173266 -0.54399854 -0.59071255 -0.60170245 0.091349766 -0.25447837 -0.498209 -0.58215857 -0.38331264 0.31523907 0.20505898 -0.677909 -0.60766643 -0.39092666 -0.5332196 -0.5035214 NaN -0.46906587 -0.39308274 -0.34683654 -0.40604153 -0.4042219 -0.4195161 -0.47355056 -0.5222637 -0.5094297 -0.48404652 -0.6184281 -0.64545786 -0.32994193 0.029579075 0.19637619 0.13981223 -0.33772823 0.10515801 -0.6426191 -0.5018477 -0.076328084 0.22431159 0.20230821 -0.20571981 -0.7163517 -0.66255045 -0.57102174 0.304107 -0.1648089 0.0012104054 -0.22485009 0.01874624 -0.6024858 0.048252568 0.114142194 0.009435885 -0.45652282 -0.51392704 -0.6580696 0.11149894 -0.5417995 -0.63603365 -0.61227083 0.24356095 -0.18257722 -0.5287273 -0.119525515 0.12392633 -0.6312071 0.076158285 0.07605119 -0.15018041 -0.5047494 -0.13685273 -0.45629382 -0.1207643 -0.7325441 -0.24840325 0.1164029 0.20693046 -0.45656228 -0.5122325 -0.43603477 -0.42224818 -0.3260963 -0.08000487 4.550196E-4 -0.41643107 -0.3667193 -0.375065 0.45603317 -0.40660062 -0.60707414 -0.28751665 0.25423127 -0.3144223 0.09824881 0.09235112 -0.5201464 -0.5142057 -0.45677128 -0.2442526 0.28565857 -0.58333206 -0.36004594 0.07640673 -0.6440091 -0.5638255 -0.5638496 -0.6613288 -0.39795595 0.107688926 -0.19429491 -0.055833254 -0.0030100837 0.1726356 0.1549975 -0.43391833 -0.34881124 -0.5661901 -0.24795972 -0.46630505 -0.43542668 -0.39874327 0.0118348375 -0.30548936 -0.3880833 0.06124646 0.57196254 -0.09049987 -0.13092707 
0.031174773 0.22379044 0.6717481 0.60493124 0.66079193 0.7222982 0.47153714 0.7559488 0.7309468 0.8022385 0.24920844 0.7917706 0.7233837 0.8352007 0.24610846 0.92014325 1.0 0.9100137 0.72822934 0.58247834 0.5833983 0.568401 0.45129243 0.59292996 0.7003666 0.7061691 0.71520376 0.6541576 0.67492336 0.6418903 0.6714098 0.7055438 0.30039847 0.59359807 0.49257466 0.5619517 0.3331532 0.15579078 0.71862733 0.6406834 0.43696037 0.5516666 0.5882681 0.2201595 0.6863973 0.6964279 0.6877772 NaN NaN 0.3045359 -0.055760637 -0.07422036 -0.36613047 -0.35561168 -0.35247087 -0.38232982 -0.44426695 -0.098837145 -0.36788583 -0.4947517 -0.46676207 -0.3644049 0.03903549 -0.059252903 -0.52329504 -0.41881156 -0.3329092 -0.3491685 -0.29262105 NaN -0.268785 -0.19454905 -0.16111 -0.21408984 -0.1945008 -0.21105464 -0.26565403 -0.30797756 -0.299134 -0.2744665 -0.39949217 -0.5274927 -0.37635237 -0.23316279 -0.10588836 -0.15076657 -0.47724774 -0.15863983 -0.453848 -0.4619999 -0.28883234 -0.06597791 -0.08322933 -0.36476505 -0.5550588 -0.4543107 -0.42161247 0.020373154 -0.3520487 -0.2717618 -0.40455997 -0.25526795 -0.65981597 -0.23445673 -0.18080114 -0.27703798 -0.61605024 -0.627041 -0.58371216 -0.16545331 -0.5429203 -0.53085697 -0.5328046 -0.045466844 -0.35888627 -0.552785 -0.35132542 -0.16633692 -0.60369337 -0.2007596 -0.19696936 -0.38155136 -0.5792623 -0.303711 -0.51418626 -0.3372948 -0.6684862 -0.42978302 -0.15638553 -0.06827509 -0.3759831 -0.28427115 -0.21077006 -0.19130437 -0.12457717 -0.013605728 0.043103 -0.1845728 -0.15243086 -0.12892789 0.46223563 -0.20205046 -0.41872063 -0.4072009 -0.035217553 -0.38249478 -0.14233175 -0.16272964 -0.4163069 -0.26544482 -0.21781331 -0.31225914 0.0025855938 -0.53051794 -0.42956775 -0.17642666 -0.48554528 -0.39180836 -0.38003072 -0.49277365 -0.44719097 -0.15820545 -0.34468177 -0.27964455 -0.23707533 -0.080869265 -0.09550834 -0.47623152 -0.31691173 -0.41961133 -0.1949359 -0.24989262 -0.22255754 -0.2062356 0.056353502 -0.09496843 -0.15185536 0.2980249 0.63609886 0.14426163 0.05779381 
0.14282218 0.32932425 0.70109934 0.6401543 0.66226727 0.7047028 0.5168603 0.6307483 0.6346466 0.7127946 0.33046076 0.6357471 0.6666831 0.67978704 0.31603897 0.7960036 0.9100137 1.0 0.70324427 0.48586965 0.48865843 0.46762425 0.35358477 0.5511592 0.6259196 0.67499954 0.666173 0.6099717 0.6165604 0.55602103 0.57125133 0.61660105 0.3937781 0.6474358 0.5028561 0.6128571 0.35260987 0.2570552 0.5555271 0.48347867 0.3805179 0.40793523 0.42823905 0.30599502 0.5743572 0.6568909 0.709754 NaN NaN 0.46339244 -0.14228736 -0.18907145 -0.38743445 -0.35684383 -0.26918662 -0.20917542 -0.3668921 -0.2968155 -0.51363456 -0.5157639 -0.4017528 -0.411301 -0.1226409 -0.19195503 -0.31680745 -0.30875313 -0.36513406 -0.19611262 -0.15185308 NaN -0.1597678 -0.13672027 -0.12831034 -0.14921659 -0.081136204 -0.08761425 -0.15582557 -0.1392828 -0.16734782 -0.17925484 -0.26497456 -0.3647067 -0.2575588 -0.32429394 -0.22804496 -0.28113154 -0.45819196 -0.30775943 -0.24060667 -0.3174632 -0.35776132 -0.18970339 -0.20513986 -0.36512595 -0.3931449 -0.27456003 -0.2001258 -0.062128406 -0.35335746 -0.34380376 -0.35410255 -0.3574767 -0.5708468 -0.3298667 -0.29149175 -0.36879316 -0.6043433 -0.6127961 -0.41160664 -0.30221966 -0.41061756 -0.38725314 -0.4715731 -0.1784278 -0.33770898 -0.4451298 -0.4033589 -0.28836527 -0.43586862 -0.3053993 -0.30590507 -0.44973338 -0.54684013 -0.3021219 -0.41087577 -0.39020655 -0.538863 -0.4507061 -0.2845225 -0.2156079 -0.25407135 -0.12806034 -0.11771789 -0.07663631 -0.13318639 -0.15633929 -0.11857529 -0.07603378 -0.051158268 -0.0058780164 0.5227354 -0.20136218 -0.29189682 -0.4818302 -0.21579482 -0.48820665 -0.3440045 -0.3622404 -0.47620144 -0.15059638 -0.07463837 -0.42656782 -0.18097651 -0.5263944 -0.53263897 -0.34612387 -0.32733387 -0.28563508 -0.26533324 -0.38457727 -0.32666394 -0.21037845 -0.25739655 -0.35432082 -0.29215264 -0.16656767 -0.205141 -0.49930763 -0.40759578 -0.37553248 -0.3000929 -0.15530969 -0.14498866 -0.15960422 -0.07363554 -0.072371766 -0.036317058 0.36119485 0.68255347 0.18406172 0.08298397 
-0.2029855 -0.1085927 0.5884975 0.61335826 0.6712129 0.5349587 0.17032427 0.69453555 0.8069833 0.6616611 -0.018802961 0.7951639 0.81558585 0.8364829 -0.04541623 0.7968248 0.72822934 0.70324427 1.0 0.88390726 0.8054669 0.78312635 0.74421126 0.8435234 0.8003434 0.7804734 0.78306836 0.788549 0.79604757 0.77896124 0.7786853 0.3944214 -0.022487352 0.3534657 0.16186088 0.32088035 -1.782237E-4 -0.1938766 0.43887225 0.6410512 0.39490584 0.57048976 0.59944814 -4.7879005E-4 0.6684663 0.62488353 0.53871316 NaN NaN 0.19603786 0.2665558 0.28388909 -0.17350341 -0.43166003 -0.62832654 -0.58339953 -0.64960665 -0.024626417 -0.30475396 -0.5066546 -0.5869591 -0.38396046 0.35496956 0.31943512 -0.47792578 -0.6384433 -0.50473815 -0.5480182 -0.53487027 NaN -0.5178479 -0.5411187 -0.52923834 -0.557982 -0.5060235 -0.5259652 -0.57342136 -0.5373845 -0.56912905 -0.5983964 -0.63977224 -0.47395903 -0.056797843 0.22148895 0.3264182 0.2824318 -0.044714294 0.2368187 -0.50847757 -0.26646158 0.11917822 0.32005668 0.31915525 0.030337477 -0.567378 -0.60718185 -0.39437392 0.4227406 0.064811796 0.16723256 0.031254496 0.1564724 -0.39728418 0.16991408 0.20697954 0.14666894 -0.281268 -0.34104174 -0.47935444 0.1911994 -0.32430205 -0.5759245 -0.5940852 0.26135167 -0.078141145 -0.37834182 0.028242107 0.2013877 -0.3998751 0.1696098 0.15597785 -0.0556149 -0.4041821 -0.062010206 -0.31742892 -0.028990248 -0.57508636 -0.04354845 0.21944365 0.3106772 -0.19277896 -0.4676094 -0.52083766 -0.4711859 -0.5094603 -0.30737838 -0.24937464 -0.445903 -0.38445386 -0.35522225 0.31671494 -0.5727768 -0.5444271 -0.1693245 0.26376086 -0.3104276 0.040902723 0.07957495 -0.6222087 -0.5489793 -0.46253937 -0.2924069 0.2557902 -0.52039164 -0.39313787 0.0994235 -0.46686608 -0.5369816 -0.49926063 -0.5823747 -0.0696032 0.33082688 0.122264184 0.14417493 0.20665637 0.29840198 0.27750817 -0.3194427 -0.4263265 -0.52677804 -0.3847405 -0.4938698 -0.49174887 -0.48060107 -0.23729521 -0.45629466 -0.41340673 -0.11859694 0.33576152 -0.2184728 -0.22616266 
