NaN NaN NaN NaN NaN NaN NaN NaN NaN NaN NaN NaN NaN NaN NaN NaN NaN NaN NaN NaN NaN NaN NaN NaN NaN NaN NaN NaN NaN NaN NaN NaN NaN NaN NaN NaN NaN NaN NaN NaN NaN NaN NaN NaN NaN NaN NaN NaN NaN 
NaN NaN NaN NaN NaN NaN NaN NaN NaN NaN NaN NaN NaN NaN NaN NaN NaN NaN NaN NaN NaN NaN NaN NaN NaN NaN NaN NaN NaN NaN NaN NaN NaN NaN NaN NaN NaN NaN NaN NaN NaN NaN NaN NaN NaN NaN NaN NaN NaN 
NaN NaN NaN NaN NaN NaN NaN NaN NaN NaN NaN NaN NaN NaN NaN NaN NaN NaN NaN NaN NaN NaN NaN NaN NaN NaN NaN NaN NaN NaN NaN NaN NaN NaN NaN NaN NaN NaN NaN NaN NaN NaN NaN NaN NaN NaN NaN NaN NaN 
NaN NaN NaN NaN NaN NaN NaN NaN NaN NaN NaN NaN NaN NaN NaN NaN NaN NaN NaN NaN NaN NaN NaN NaN NaN NaN NaN NaN NaN NaN NaN NaN NaN NaN NaN NaN NaN NaN NaN NaN NaN NaN NaN NaN NaN NaN NaN NaN NaN 
NaN NaN NaN NaN NaN NaN NaN NaN NaN NaN NaN NaN NaN NaN NaN NaN NaN NaN NaN NaN NaN NaN NaN NaN NaN NaN NaN NaN NaN NaN NaN NaN NaN NaN NaN NaN NaN NaN NaN NaN NaN NaN NaN NaN NaN NaN NaN NaN NaN 
NaN NaN NaN NaN NaN NaN NaN NaN NaN NaN NaN NaN NaN NaN NaN NaN NaN NaN NaN NaN NaN NaN NaN NaN NaN NaN NaN NaN NaN NaN NaN NaN NaN NaN NaN NaN NaN NaN NaN NaN NaN NaN NaN NaN NaN NaN NaN NaN NaN 
NaN NaN NaN NaN NaN NaN NaN NaN NaN NaN NaN NaN NaN NaN NaN NaN NaN NaN NaN NaN NaN NaN NaN NaN NaN NaN NaN NaN NaN NaN NaN NaN NaN NaN NaN NaN NaN NaN NaN NaN NaN NaN NaN NaN NaN NaN NaN NaN NaN 
NaN NaN NaN NaN NaN NaN NaN NaN NaN NaN NaN NaN NaN NaN NaN NaN NaN NaN NaN NaN NaN NaN NaN NaN NaN NaN NaN NaN NaN NaN NaN NaN NaN NaN NaN NaN NaN NaN NaN NaN NaN NaN NaN NaN NaN NaN NaN NaN NaN 
NaN NaN NaN NaN NaN NaN NaN NaN NaN NaN NaN NaN NaN NaN NaN NaN NaN NaN NaN NaN NaN NaN NaN NaN NaN NaN NaN NaN NaN NaN NaN NaN NaN NaN NaN NaN NaN NaN NaN NaN NaN NaN NaN NaN NaN NaN NaN NaN NaN 
NaN NaN NaN NaN NaN NaN NaN NaN NaN 1.0 0.32395887 0.6008422 NaN NaN 0.15207864 -0.23717728 -0.18214244 -0.061321344 0.06999439 -0.061888546 0.24273531 0.24695967 0.15065488 0.16982628 -0.07647311 -0.35475153 -0.5119228 -0.5622758 -0.08053303 -0.15039007 -0.61685276 -0.39340857 -0.5620973 -0.55147266 -0.11559405 -0.17315985 -0.23588994 -0.24361147 -0.43270618 -0.65727526 -0.67663 -0.29536423 -0.5554183 -0.3194283 0.049290195 0.0920534 -0.07369228 -0.3689152 0.070179254 
NaN NaN NaN NaN NaN NaN NaN NaN NaN 0.32395887 1.0 0.9331073 NaN NaN 0.8946988 -0.08436146 -0.14186667 0.45614845 0.7123165 0.42992657 0.88927627 0.88686174 0.802014 0.83432066 0.63423365 0.2304967 -0.6782211 -0.14031158 0.55566996 0.46252787 -0.64431334 0.195772 -0.14351784 -0.5943632 -0.75417274 -0.7945712 -0.87005675 -0.83279026 -0.8708011 -0.44758072 -0.49465334 0.19412479 -0.11379807 -0.84557 -0.69381714 -0.6699803 -0.769241 -0.79332894 -0.68126047 
NaN NaN NaN NaN NaN NaN NaN NaN NaN 0.6008422 0.9331073 1.0 NaN NaN 0.7935178 -0.12995948 -0.16283794 0.36838198 0.6169181 0.35398406 0.8233482 0.81822973 0.7184045 0.7520705 0.5195906 0.09464728 -0.71642774 -0.29235598 0.43624607 0.32924554 -0.7321856 0.024907926 -0.31080756 -0.6770971 -0.6700989 -0.72301894 -0.8025609 -0.7684695 -0.859123 -0.57070315 -0.6070351 0.087883145 -0.24852976 -0.8008727 -0.56315607 -0.53217226 -0.65867835 -0.7619229 -0.54037267 
NaN NaN NaN NaN NaN NaN NaN NaN NaN NaN NaN NaN NaN NaN NaN NaN NaN NaN NaN NaN NaN NaN NaN NaN NaN NaN NaN NaN NaN NaN NaN NaN NaN NaN NaN NaN NaN NaN NaN NaN NaN NaN NaN NaN NaN NaN NaN NaN NaN 
NaN NaN NaN NaN NaN NaN NaN NaN NaN NaN NaN NaN NaN NaN NaN NaN NaN NaN NaN NaN NaN NaN NaN NaN NaN NaN NaN NaN NaN NaN NaN NaN NaN NaN NaN NaN NaN NaN NaN NaN NaN NaN NaN NaN NaN NaN NaN NaN NaN 
NaN NaN NaN NaN NaN NaN NaN NaN NaN 0.15207864 0.8946988 0.7935178 NaN NaN 1.0 0.2802698 0.18953505 0.730278 0.8994086 0.66575074 0.9086658 0.8960104 0.8024511 0.7956761 0.60403025 0.31335834 -0.49433732 0.13273828 0.46276256 0.35583568 -0.3966056 0.19717616 -0.04374183 -0.34796026 -0.7033699 -0.7538377 -0.8372431 -0.7822561 -0.7770133 -0.35287786 -0.35556468 0.05275489 -0.12041744 -0.7563323 -0.74245685 -0.7426902 -0.75210047 -0.6781711 -0.7422785 
NaN NaN NaN NaN NaN NaN NaN NaN NaN -0.23717728 -0.08436146 -0.12995948 NaN NaN 0.2802698 1.0 0.9496548 0.7579607 0.5484954 0.71712494 0.17703277 0.07750366 -0.0060489606 -0.10641003 -0.15519105 9.534784E-5 0.30403912 0.39899898 -0.34686205 -0.43363914 0.26335025 -0.3350579 -0.1816884 0.3489948 0.19022033 0.12374434 -0.013807369 0.10350279 0.07733952 -0.20226483 -0.08928892 -0.53107005 -0.33949083 0.18459506 0.045850113 -0.00159144 0.14755818 0.26592425 -0.07331046 
NaN NaN NaN NaN NaN NaN NaN NaN NaN -0.18214244 -0.14186667 -0.16283794 NaN NaN 0.18953505 0.9496548 1.0 0.76430917 0.5128773 0.7087235 0.13617036 0.01579918 -0.07241698 -0.2010027 -0.28515583 -0.1436992 0.30316964 0.2904142 -0.4728469 -0.5573912 0.24585272 -0.46240178 -0.27597886 0.33479753 0.2824198 0.22123162 0.06688376 0.18617567 0.12964153 -0.2578993 -0.14021595 -0.60809493 -0.42560974 0.25746673 0.1528387 0.111024484 0.24614993 0.31951985 0.011494987 
NaN NaN NaN NaN NaN NaN NaN NaN NaN -0.061321344 0.45614845 0.36838198 NaN NaN 0.730278 0.7579607 0.76430917 1.0 0.9356824 0.93193805 0.695974 0.5971121 0.49205858 0.37001213 0.17427233 0.06971898 -0.14868662 0.24814089 -0.02906055 -0.14117406 -0.076902986 -0.151618 -0.17751235 2.6828074E-4 -0.29964975 -0.36723176 -0.5047222 -0.3997359 -0.40091237 -0.3250625 -0.258357 -0.29756936 -0.28278342 -0.32114094 -0.41481236 -0.4359718 -0.35041365 -0.20878066 -0.47214127 
NaN NaN NaN NaN NaN NaN NaN NaN NaN 0.06999439 0.7123165 0.6169181 NaN NaN 0.8994086 0.5484954 0.5128773 0.9356824 1.0 0.8826191 0.8846127 0.81724715 0.70564634 0.626079 0.38358596 0.1399284 -0.38388637 0.15752783 0.22230513 0.11289103 -0.26130825 0.025272075 -0.12204331 -0.18283206 -0.53108627 -0.5973596 -0.7209869 -0.64165974 -0.63675773 -0.38837725 -0.3560285 -0.13066943 -0.228343 -0.5805211 -0.61938727 -0.6250465 -0.59218 -0.470497 -0.6436379 
NaN NaN NaN NaN NaN NaN NaN NaN NaN -0.061888546 0.42992657 0.35398406 NaN NaN 0.66575074 0.71712494 0.7087235 0.93193805 0.8826191 1.0 0.7240877 0.56831396 0.4897014 0.3157846 0.16388312 0.06810942 -0.16751555 0.16085869 -0.03827881 -0.11878223 -0.084814295 -0.14020413 -0.2044096 -0.066842824 -0.311039 -0.3765591 -0.5045243 -0.4044292 -0.39757043 -0.3153516 -0.25846976 -0.26063743 -0.25446305 -0.3024116 -0.39315322 -0.4138323 -0.33376768 -0.2047759 -0.43558398 
NaN NaN NaN NaN NaN NaN NaN NaN NaN 0.24273531 0.88927627 0.8233482 NaN NaN 0.9086658 0.17703277 0.13617036 0.695974 0.8846127 0.7240877 1.0 0.9431381 0.84539175 0.75938153 0.4806167 0.115760505 -0.63212425 -0.080691904 0.41497803 0.33090028 -0.5124276 0.13841116 -0.147077 -0.46448463 -0.7067322 -0.7590525 -0.847331 -0.80269736 -0.81558883 -0.4363781 -0.4604979 0.079730056 -0.15095857 -0.77108854 -0.6992072 -0.68734497 -0.7338814 -0.69239557 -0.6933145 
NaN NaN NaN NaN NaN NaN NaN NaN NaN 0.24695967 0.88686174 0.81822973 NaN NaN 0.8960104 0.07750366 0.01579918 0.5971121 0.81724715 0.56831396 0.9431381 1.0 0.94954884 0.8866004 0.5578001 0.13608754 -0.65152663 -0.058495358 0.50193095 0.42214808 -0.50974315 0.23747617 -0.05165638 -0.45799845 -0.7521474 -0.7973859 -0.8652964 -0.8451541 -0.8440349 -0.38426077 -0.4179942 0.17301495 -0.07157104 -0.819147 -0.75342625 -0.73197 -0.7889611 -0.73590124 -0.727219 
NaN NaN NaN NaN NaN NaN NaN NaN NaN 0.15065488 0.802014 0.7184045 NaN NaN 0.8024511 -0.0060489606 -0.07241698 0.49205858 0.70564634 0.4897014 0.84539175 0.94954884 1.0 0.91339177 0.62711173 0.19739139 -0.6024262 -0.05141201 0.5182054 0.46739203 -0.45107865 0.31900334 0.027234845 -0.45222628 -0.76857585 -0.7949746 -0.82454437 -0.82241684 -0.7901024 -0.24419758 -0.29098117 0.2890906 0.06475567 -0.7780423 -0.7545815 -0.7342236 -0.7781849 -0.69816417 -0.70696616 
NaN NaN NaN NaN NaN NaN NaN NaN NaN 0.16982628 0.83432066 0.7520705 NaN NaN 0.7956761 -0.10641003 -0.2010027 0.37001213 0.626079 0.3157846 0.75938153 0.8866004 0.91339177 1.0 0.80687344 0.33814314 -0.61914337 -0.0034703747 0.6759627 0.6236205 -0.45437995 0.4476874 0.15022425 -0.41072044 -0.79724115 -0.8216733 -0.8468173 -0.8584767 -0.8254715 -0.2231225 -0.2802132 0.4099443 0.1469871 -0.83979166 -0.8106533 -0.78090096 -0.83981454 -0.75464875 -0.75317657 
NaN NaN NaN NaN NaN NaN NaN NaN NaN -0.07647311 0.63423365 0.5195906 NaN NaN 0.60403025 -0.15519105 -0.28515583 0.17427233 0.38358596 0.16388312 0.4806167 0.5578001 0.62711173 0.80687344 1.0 0.76739305 -0.2681304 0.22760028 0.72822237 0.7002314 -0.23243505 0.5777626 0.33913106 -0.24982928 -0.7163583 -0.7127252 -0.6908468 -0.7213898 -0.6328844 0.043326937 -0.011920423 0.54808843 0.36711282 -0.69250864 -0.76510704 -0.7471672 -0.7590458 -0.59683883 -0.66225725 
NaN NaN NaN NaN NaN NaN NaN NaN NaN -0.35475153 0.2304967 0.09464728 NaN NaN 0.31335834 9.534784E-5 -0.1436992 0.06971898 0.1399284 0.06810942 0.115760505 0.13608754 0.19739139 0.33814314 0.76739305 1.0 0.25934416 0.58629334 0.5743207 0.5652972 0.14262019 0.58048874 0.51077944 0.14050558 -0.4294676 -0.39294833 -0.31667045 -0.3963874 -0.27948946 0.298918 0.2678509 0.4583139 0.4515131 -0.385515 -0.56636626 -0.578543 -0.48915842 -0.28628114 -0.45149958 
NaN NaN NaN NaN NaN NaN NaN NaN NaN -0.5119228 -0.6782211 -0.71642774 NaN NaN -0.49433732 0.30403912 0.30316964 -0.14868662 -0.38388637 -0.16751555 -0.63212425 -0.65152663 -0.6024262 -0.61914337 -0.2681304 0.25934416 1.0 0.64413804 -0.26793912 -0.25684437 0.7346066 -0.013605667 0.33678237 0.73616576 0.635436 0.63606507 0.6209529 0.6041002 0.68818897 0.35992983 0.45822492 -0.24028963 0.06506279 0.63196445 0.40206337 0.37503996 0.5011001 0.57441247 0.3482684 
NaN NaN NaN NaN NaN NaN NaN NaN NaN -0.5622758 -0.14031158 -0.29235598 NaN NaN 0.13273828 0.39899898 0.2904142 0.24814089 0.15752783 0.16085869 -0.080691904 -0.058495358 -0.05141201 -0.0034703747 0.22760028 0.58629334 0.64413804 1.0 0.36545017 0.30472234 0.53017354 0.4843715 0.6605066 0.66987693 0.029436335 0.014363981 0.006994972 -0.03314869 0.1268553 0.34958243 0.40302008 0.09443473 0.28094214 -0.007168396 -0.31295958 -0.32265067 -0.17381868 0.08526049 -0.24686551 
NaN NaN NaN NaN NaN NaN NaN NaN NaN -0.08053303 0.55566996 0.43624607 NaN NaN 0.46276256 -0.34686205 -0.4728469 -0.02906055 0.22230513 -0.03827881 0.41497803 0.50193095 0.5182054 0.6759627 0.72822237 0.5743207 -0.26793912 0.36545017 1.0 0.9650929 -0.23928685 0.818928 0.57631946 -0.13337785 -0.675332 -0.6624255 -0.6064373 -0.68282557 -0.56926537 0.14136566 0.0427334 0.6935604 0.48722124 -0.7009706 -0.7640617 -0.7429453 -0.7725891 -0.6106898 -0.66852814 
NaN NaN NaN NaN NaN NaN NaN NaN NaN -0.15039007 0.46252787 0.32924554 NaN NaN 0.35583568 -0.43363914 -0.5573912 -0.14117406 0.11289103 -0.11878223 0.33090028 0.42214808 0.46739203 0.6236205 0.7002314 0.5652972 -0.25684437 0.30472234 0.9650929 1.0 -0.11277947 0.90270346 0.6700805 -0.06440537 -0.6314901 -0.60082895 -0.5155872 -0.6210288 -0.4965796 0.23836112 0.123772554 0.7646723 0.57895553 -0.6466364 -0.7281885 -0.71144646 -0.72840714 -0.55623376 -0.6188766 
NaN NaN NaN NaN NaN NaN NaN NaN NaN -0.61685276 -0.64431334 -0.7321856 NaN NaN -0.3966056 0.26335025 0.24585272 -0.076902986 -0.26130825 -0.084814295 -0.5124276 -0.50974315 -0.45107865 -0.45437995 -0.23243505 0.14262019 0.7346066 0.53017354 -0.23928685 -0.11277947 1.0 0.25095135 0.60684574 0.88682216 0.5286056 0.53796226 0.5604858 0.49590254 0.6611781 0.5239206 0.6113129 -0.08765222 0.2546412 0.5480157 0.20441926 0.17682761 0.33887437 0.5164964 0.22632496 
NaN NaN NaN NaN NaN NaN NaN NaN NaN -0.39340857 0.195772 0.024907926 NaN NaN 0.19717616 -0.3350579 -0.46240178 -0.151618 0.025272075 -0.14020413 0.13841116 0.23747617 0.31900334 0.4476874 0.5777626 0.58048874 -0.013605667 0.4843715 0.818928 0.90270346 0.25095135 1.0 0.8948824 0.25509036 -0.46703827 -0.4122664 -0.28487125 -0.4260876 -0.23080477 0.49225026 0.4036471 0.7556509 0.71904045 -0.42873114 -0.66214585 -0.6645532 -0.608862 -0.34956494 -0.5432918 
NaN NaN NaN NaN NaN NaN NaN NaN NaN -0.5620973 -0.14351784 -0.31080756 NaN NaN -0.04374183 -0.1816884 -0.27597886 -0.17751235 -0.12204331 -0.2044096 -0.147077 -0.05165638 0.027234845 0.15022425 0.33913106 0.51077944 0.33678237 0.6605066 0.57631946 0.6700805 0.60684574 0.8948824 1.0 0.61776954 -0.116306454 -0.0696381 0.033173367 -0.11837771 0.111264445 0.6080659 0.5750698 0.5593841 0.6667969 -0.10366742 -0.4379771 -0.44007534 -0.34552997 -0.07496733 -0.3290721 
NaN NaN NaN NaN NaN NaN NaN NaN NaN -0.55147266 -0.5943632 -0.6770971 NaN NaN -0.34796026 0.3489948 0.33479753 2.6828074E-4 -0.18283206 -0.066842824 -0.46448463 -0.45799845 -0.45222628 -0.41072044 -0.24982928 0.14050558 0.73616576 0.66987693 -0.13337785 -0.06440537 0.88682216 0.25509036 0.61776954 1.0 0.5746785 0.5787479 0.5475952 0.4386167 0.5351184 0.32463095 0.39330727 -0.15411574 0.110306084 0.42121038 0.16705647 0.16601947 0.30502638 0.42000616 0.18338783 
NaN NaN NaN NaN NaN NaN NaN NaN NaN -0.11559405 -0.75417274 -0.6700989 NaN NaN -0.7033699 0.19022033 0.2824198 -0.29964975 -0.53108627 -0.311039 -0.7067322 -0.7521474 -0.76857585 -0.79724115 -0.7163583 -0.4294676 0.635436 0.029436335 -0.675332 -0.6314901 0.5286056 -0.46703827 -0.116306454 0.5746785 1.0 0.9515516 0.84207374 0.82826525 0.7661897 -0.025165576 0.06375053 -0.5610055 -0.35571417 0.80308557 0.8582857 0.86925864 0.86862284 0.6881341 0.7155121 
NaN NaN NaN NaN NaN NaN NaN NaN NaN -0.17315985 -0.7945712 -0.72301894 NaN NaN -0.7538377 0.12374434 0.22123162 -0.36723176 -0.5973596 -0.3765591 -0.7590525 -0.7973859 -0.7949746 -0.8216733 -0.7127252 -0.39294833 0.63606507 0.014363981 -0.6624255 -0.60082895 0.53796226 -0.4122664 -0.0696381 0.5787479 0.9515516 1.0 0.9390266 0.8859441 0.81003094 0.08153271 0.14525956 -0.49181485 -0.2695872 0.82026356 0.8527121 0.8461671 0.8750503 0.7192906 0.72525173 
NaN NaN NaN NaN NaN NaN NaN NaN NaN -0.23588994 -0.87005675 -0.8025609 NaN NaN -0.8372431 -0.013807369 0.06688376 -0.5047222 -0.7209869 -0.5045243 -0.847331 -0.8652964 -0.82454437 -0.8468173 -0.6908468 -0.31667045 0.6209529 0.006994972 -0.6064373 -0.5155872 0.5604858 -0.28487125 0.033173367 0.5475952 0.84207374 0.9390266 1.0 0.91385096 0.8749249 0.3148296 0.34596726 -0.31840447 -0.05485588 0.84544575 0.8079225 0.7768018 0.8447158 0.7368964 0.70308656 
NaN NaN NaN NaN NaN NaN NaN NaN NaN -0.24361147 -0.83279026 -0.7684695 NaN NaN -0.7822561 0.10350279 0.18617567 -0.3997359 -0.64165974 -0.4044292 -0.80269736 -0.8451541 -0.82241684 -0.8584767 -0.7213898 -0.3963874 0.6041002 -0.03314869 -0.68282557 -0.6210288 0.49590254 -0.4260876 -0.11837771 0.4386167 0.82826525 0.8859441 0.91385096 1.0 0.92211604 0.29393125 0.35157275 -0.39381307 -0.10467766 0.9371103 0.88672316 0.8492807 0.92282104 0.82819694 0.7417005 
NaN NaN NaN NaN NaN NaN NaN NaN NaN -0.43270618 -0.8708011 -0.859123 NaN NaN -0.7770133 0.07733952 0.12964153 -0.40091237 -0.63675773 -0.39757043 -0.81558883 -0.8440349 -0.7901024 -0.8254715 -0.6328844 -0.27948946 0.68818897 0.1268553 -0.56926537 -0.4965796 0.6611781 -0.23080477 0.111264445 0.5351184 0.7661897 0.81003094 0.8749249 0.92211604 1.0 0.53689194 0.61947286 -0.22425613 0.13586877 0.95827115 0.7492044 0.70977783 0.8081824 0.83998257 0.64689714 
NaN NaN NaN NaN NaN NaN NaN NaN NaN -0.65727526 -0.44758072 -0.57070315 NaN NaN -0.35287786 -0.20226483 -0.2578993 -0.3250625 -0.38837725 -0.3153516 -0.4363781 -0.38426077 -0.24419758 -0.2231225 0.043326937 0.298918 0.35992983 0.34958243 0.14136566 0.23836112 0.5239206 0.49225026 0.6080659 0.32463095 -0.025165576 0.08153271 0.3148296 0.29393125 0.53689194 1.0 0.96816486 0.5848741 0.8565177 0.3569003 -0.03976413 -0.092458025 0.068496056 0.374638 0.015030731 
NaN NaN NaN NaN NaN NaN NaN NaN NaN -0.67663 -0.49465334 -0.6070351 NaN NaN -0.35556468 -0.08928892 -0.14021595 -0.258357 -0.3560285 -0.25846976 -0.4604979 -0.4179942 -0.29098117 -0.2802132 -0.011920423 0.2678509 0.45822492 0.40302008 0.0427334 0.123772554 0.6113129 0.4036471 0.5750698 0.39330727 0.06375053 0.14525956 0.34596726 0.35157275 0.61947286 0.96816486 1.0 0.45075002 0.7754736 0.45373845 0.014906594 -0.03237388 0.14142011 0.45815563 0.08518797 
NaN NaN NaN NaN NaN NaN NaN NaN NaN -0.29536423 0.19412479 0.087883145 NaN NaN 0.05275489 -0.53107005 -0.60809493 -0.29756936 -0.13066943 -0.26063743 0.079730056 0.17301495 0.2890906 0.4099443 0.54808843 0.4583139 -0.24028963 0.09443473 0.6935604 0.7646723 -0.08765222 0.7556509 0.5593841 -0.15411574 -0.5610055 -0.49181485 -0.31840447 -0.39381307 -0.22425613 0.5848741 0.45075002 1.0 0.8958459 -0.37470752 -0.5245562 -0.52905977 -0.5034343 -0.25926152 -0.41888183 
NaN NaN NaN NaN NaN NaN NaN NaN NaN -0.5554183 -0.11379807 -0.24852976 NaN NaN -0.12041744 -0.33949083 -0.42560974 -0.28278342 -0.228343 -0.25446305 -0.15095857 -0.07157104 0.06475567 0.1469871 0.36711282 0.4515131 0.06506279 0.28094214 0.48722124 0.57895553 0.2546412 0.71904045 0.6667969 0.110306084 -0.35571417 -0.2695872 -0.05485588 -0.10467766 0.13586877 0.8565177 0.7754736 0.8958459 1.0 -0.03888467 -0.35902792 -0.39117745 -0.27715403 0.061543994 -0.26750872 
NaN NaN NaN NaN NaN NaN NaN NaN NaN -0.3194283 -0.84557 -0.8008727 NaN NaN -0.7563323 0.18459506 0.25746673 -0.32114094 -0.5805211 -0.3024116 -0.77108854 -0.819147 -0.7780423 -0.83979166 -0.69250864 -0.385515 0.63196445 -0.007168396 -0.7009706 -0.6466364 0.5480157 -0.42873114 -0.10366742 0.42121038 0.80308557 0.82026356 0.84544575 0.9371103 0.95827115 0.3569003 0.45373845 -0.37470752 -0.03888467 1.0 0.8494219 0.801273 0.88099027 0.8539689 0.6696188 
NaN NaN NaN NaN NaN NaN NaN NaN NaN 0.049290195 -0.69381714 -0.56315607 NaN NaN -0.74245685 0.045850113 0.1528387 -0.41481236 -0.61938727 -0.39315322 -0.6992072 -0.75342625 -0.7545815 -0.8106533 -0.76510704 -0.56636626 0.40206337 -0.31295958 -0.7640617 -0.7281885 0.20441926 -0.66214585 -0.4379771 0.16705647 0.8582857 0.8527121 0.8079225 0.88672316 0.7492044 -0.03976413 0.014906594 -0.5245562 -0.35902792 0.8494219 1.0 0.9824374 0.96103203 0.7246791 0.7857354 
NaN NaN NaN NaN NaN NaN NaN NaN NaN 0.0920534 -0.6699803 -0.53217226 NaN NaN -0.7426902 -0.00159144 0.111024484 -0.4359718 -0.6250465 -0.4138323 -0.68734497 -0.73197 -0.7342236 -0.78090096 -0.7471672 -0.578543 0.37503996 -0.32265067 -0.7429453 -0.71144646 0.17682761 -0.6645532 -0.44007534 0.16601947 0.86925864 0.8461671 0.7768018 0.8492807 0.70977783 -0.092458025 -0.03237388 -0.52905977 -0.39117745 0.801273 0.9824374 1.0 0.95204455 0.6986511 0.83375454 
NaN NaN NaN NaN NaN NaN NaN NaN NaN -0.07369228 -0.769241 -0.65867835 NaN NaN -0.75210047 0.14755818 0.24614993 -0.35041365 -0.59218 -0.33376768 -0.7338814 -0.7889611 -0.7781849 -0.83981454 -0.7590458 -0.48915842 0.5011001 -0.17381868 -0.7725891 -0.72840714 0.33887437 -0.608862 -0.34552997 0.30502638 0.86862284 0.8750503 0.8447158 0.92282104 0.8081824 0.068496056 0.14142011 -0.5034343 -0.27715403 0.88099027 0.96103203 0.95204455 1.0 0.82808596 0.8231834 
NaN NaN NaN NaN NaN NaN NaN NaN NaN -0.3689152 -0.79332894 -0.7619229 NaN NaN -0.6781711 0.26592425 0.31951985 -0.20878066 -0.470497 -0.2047759 -0.69239557 -0.73590124 -0.69816417 -0.75464875 -0.59683883 -0.28628114 0.57441247 0.08526049 -0.6106898 -0.55623376 0.5164964 -0.34956494 -0.07496733 0.42000616 0.6881341 0.7192906 0.7368964 0.82819694 0.83998257 0.374638 0.45815563 -0.25926152 0.061543994 0.8539689 0.7246791 0.6986511 0.82808596 1.0 0.7052102 
NaN NaN NaN NaN NaN NaN NaN NaN NaN 0.070179254 -0.68126047 -0.54037267 NaN NaN -0.7422785 -0.07331046 0.011494987 -0.47214127 -0.6436379 -0.43558398 -0.6933145 -0.727219 -0.70696616 -0.75317657 -0.66225725 -0.45149958 0.3482684 -0.24686551 -0.66852814 -0.6188766 0.22632496 -0.5432918 -0.3290721 0.18338783 0.7155121 0.72525173 0.70308656 0.7417005 0.64689714 0.015030731 0.08518797 -0.41888183 -0.26750872 0.6696188 0.7857354 0.83375454 0.8231834 0.7052102 1.0 
