1.0 0.86468816 0.9151523 0.8635089 0.512669 0.5519185 0.710833 0.77540565 0.56675845 -0.52151245 -0.534999 -0.44629744 -0.4994261 -0.5131906 -0.5643917 -0.54327095 -0.30656943 0.06477755 0.670318 0.69918495 0.67748666 0.64692885 0.669056 -0.019600933 0.63094634 0.6110479 0.63961995 0.59653187 0.6059342 0.537146 0.59591496 -0.0011519474 -0.358491 -0.18941018 0.6501663 0.66258687 0.60393256 -0.35786948 -0.4837517 -0.45201647 -0.35597295 -0.36750787 -0.59885234 -0.5796141 -0.6260009 -0.6530572 -0.6532256 -0.5684409 -0.5527188 -0.5600507 -0.61257464 -0.59366035 -0.60204035 -0.60371256 -0.123317234 -0.1851846 -0.421155 -0.5712019 -0.45549518 0.024713203 0.55617535 0.26699895 0.6161282 0.6378225 0.70582503 0.69931835 0.48493966 0.63673556 0.6917813 0.4714348 0.7366486 0.44779775 -0.24448283 0.6122562 0.6869434 0.5128962 0.6762874 0.6917893 0.6785744 0.7099423 0.68056595 0.559184 0.68523663 0.7008899 0.6792443 0.6697168 0.6395219 0.65487665 0.65522075 0.6992097 0.697582 NaN NaN 0.025890512 0.12971506 0.10270458 0.19128917 0.022697583 -0.25739062 -0.3350609 -0.34324968 -0.33472946 0.18183295 0.21106577 0.1809349 -0.22247288 0.09840232 -0.27324346 0.07121371 0.3351575 0.31764692 -0.06845013 -0.51828533 -0.58683896 -0.25313565 0.142965 0.26058674 0.3008243 0.11642676 -0.4316354 0.094561435 -0.43430543 -0.56920373 -0.58068705 -0.5835428 -0.57550514 -0.5363511 -0.55776715 -0.547454 -0.5388531 -0.49011818 -0.4251086 -0.511558 -0.5474 -0.4694181 -0.38563946 -0.45790184 -0.35895517 -0.46897733 -0.33058596 -0.4434727 -0.5208903 -0.41076785 0.033486042 0.39549118 0.33072788 0.29765794 0.3131168 0.164281 -0.40263313 -0.4639924 0.03062713 0.004575737 0.32241663 0.35504785 0.068575 -0.33177724 0.29384157 0.14157307 -0.080884404 -0.16757855 0.2207007 0.31997815 0.285111 0.2729464 0.26293442 0.31428233 0.19025253 0.24395034 -0.3526119 -0.58856034 -0.5043582 -0.044816196 0.35995483 0.35188934 0.36833757 0.2609341 0.27542537 -0.019818457 -0.16567625 0.31280535 0.33515826 -0.35580173 -0.58720833 -0.6206525 -0.6408459 -0.6380752 -0.3519646 -0.101207964 -0.14305024 0.2112367 0.24260092 0.15127729 -0.6258465 -0.6662994 -0.5885932 -0.5044212 -0.5782098 NaN 
0.86468816 1.0 0.94097066 0.9178545 0.2751835 0.42013234 0.64968014 0.87812287 0.5011326 -0.6317318 -0.5609006 -0.47479242 -0.53936625 -0.5266356 -0.6023588 -0.68544585 -0.49260905 -0.16123529 0.749439 0.7798691 0.7285534 0.78259313 0.7780789 -0.23547372 0.72498673 0.6492794 0.76585746 0.56369156 0.62472284 0.5446247 0.67346555 -0.15464674 -0.50230736 -0.3667866 0.7317285 0.79847354 0.65943664 -0.45319983 -0.5147864 -0.49337748 -0.31183988 -0.32449827 -0.65418726 -0.581202 -0.66271293 -0.68805385 -0.6836046 -0.6029961 -0.5794059 -0.58407456 -0.6111154 -0.5794886 -0.6470182 -0.67349803 -0.023106432 -0.13793908 -0.46335238 -0.6940808 -0.6077863 -0.10578478 0.6522042 0.15747052 0.7161026 0.69457966 0.811455 0.8461937 0.40318912 0.60311437 0.8442033 0.37080342 0.86296177 0.38969254 -0.46145448 0.5997632 0.86339104 0.61618423 0.8452164 0.8564398 0.76659286 0.8375005 0.8400785 0.50217986 0.7380059 0.82728785 0.82631916 0.7967999 0.77966326 0.73011947 0.70122737 0.8362892 0.8170157 NaN NaN 0.027783958 0.23639722 0.18277375 0.3234259 0.062872596 -0.34206727 -0.41140437 -0.3960006 -0.4689994 0.30389497 0.3446821 0.2783898 -0.35635725 0.13535902 -0.39223534 0.09185053 0.49928835 0.46392542 -0.13626528 -0.6987892 -0.7440936 -0.34919897 0.22553831 0.41112107 0.46081847 0.08940247 -0.64425075 0.18347594 -0.62125635 -0.6913832 -0.60532385 -0.6518595 -0.6104446 -0.53237313 -0.58632326 -0.58213323 -0.6200925 -0.5215294 -0.4178266 -0.5489117 -0.61380494 -0.5118803 -0.33790028 -0.60838413 -0.38150436 -0.53776723 -0.28150228 -0.46997708 -0.66157526 -0.5970345 -0.10309052 0.50207007 0.43683478 0.40562928 0.38791144 0.13323303 -0.5995388 -0.6363545 -0.02714195 -0.1343912 0.41941565 0.49336845 0.05953195 -0.53524876 0.3755687 0.14626636 -0.13459064 -0.30257985 0.2926184 0.44625056 0.40197793 0.38418433 0.3718961 0.45533213 0.20450622 0.3050953 -0.53899497 -0.74088246 -0.71769965 -0.14936304 0.5013806 0.48009115 0.47543165 0.3278016 0.32381558 -0.18630889 -0.36723447 0.34694892 0.45727983 -0.5300927 -0.6805106 -0.6585737 -0.72746366 -0.77813244 -0.33726147 -0.001928453 -0.3458807 0.27533633 0.28583515 0.22996977 -0.7157986 -0.75246936 -0.64146036 -0.5802264 -0.6604813 NaN 
0.9151523 0.94097066 1.0 0.9668833 0.51761556 0.57226795 0.75556815 0.8476403 0.56785566 -0.6027982 -0.59296817 -0.49257207 -0.5597812 -0.56677306 -0.6282314 -0.6232203 -0.36895192 0.0231694 0.7286906 0.7663403 0.7358912 0.72271746 0.7387791 -0.07030995 0.68216085 0.63453215 0.68578994 0.59941953 0.6368532 0.5736114 0.6528562 -0.04859358 -0.43638515 -0.26543987 0.70595527 0.7288735 0.6469089 -0.42385632 -0.54835975 -0.5166041 -0.39077783 -0.4051224 -0.6732644 -0.64106095 -0.7052377 -0.72955287 -0.7283927 -0.64120656 -0.62449867 -0.63374776 -0.6847341 -0.6613068 -0.6814441 -0.6885603 -0.1295185 -0.2017244 -0.47441897 -0.65944004 -0.5373531 -0.008922815 0.6225772 0.27604964 0.6944009 0.7129667 0.7872551 0.7900813 0.5037646 0.68932575 0.79315585 0.50085324 0.82950455 0.48762766 -0.30920082 0.6642227 0.811267 0.6464785 0.81467783 0.82201535 0.79635936 0.8302408 0.8067024 0.6251437 0.793852 0.8229354 0.8071424 0.7947633 0.76723593 0.7647642 0.7553315 0.79488605 0.7600505 NaN NaN 0.006657618 0.16239138 0.14065883 0.23742445 0.035089016 -0.29296616 -0.37436637 -0.39653328 -0.38282242 0.23293959 0.2684918 0.22841476 -0.26370287 0.114209466 -0.3271849 0.07237784 0.3848393 0.36965284 -0.089272834 -0.60886925 -0.67662996 -0.27187684 0.19083244 0.3315669 0.37873548 0.13009587 -0.5158838 0.119115345 -0.5215448 -0.65826494 -0.6496734 -0.6633819 -0.6506807 -0.5954474 -0.62876564 -0.6195353 -0.62831634 -0.5457381 -0.4596062 -0.5685346 -0.61808187 -0.52308077 -0.41306466 -0.5412166 -0.4177739 -0.5330197 -0.346115 -0.4894798 -0.6020241 -0.47566572 0.04219429 0.47309238 0.40129945 0.36875808 0.38458306 0.20066974 -0.462733 -0.5235025 0.055122968 0.00872368 0.3924662 0.4304607 0.103581585 -0.37724417 0.35460922 0.18135372 -0.0691243 -0.18295631 0.2802635 0.3951737 0.35312638 0.32900313 0.3209533 0.38103706 0.22645321 0.29718494 -0.41223606 -0.66807675 -0.589568 -0.058342006 0.43196267 0.43048245 0.43672326 0.32073694 0.3174805 -0.04257888 -0.22331929 0.3455669 0.4044958 -0.40292928 -0.6611375 -0.6880966 -0.7166882 -0.7230148 -0.35866866 -0.06521182 -0.17751844 0.2573161 0.2884071 0.1982078 -0.6669742 -0.7383224 -0.6479997 -0.5675206 -0.64228624 NaN 
0.8635089 0.9178545 0.9668833 1.0 0.51349396 0.5387117 0.66729164 0.8351934 0.61200696 -0.57514304 -0.5332812 -0.42494148 -0.5068958 -0.50854415 -0.5851366 -0.64273864 -0.36267775 -0.007161079 0.7636952 0.76989836 0.7526669 0.75826484 0.7732498 -0.10736683 0.7303729 0.67260516 0.71978974 0.5902847 0.6210658 0.5625219 0.70211285 -0.053953968 -0.40886986 -0.27004185 0.73173976 0.7579736 0.69340134 -0.36981288 -0.48865637 -0.46846354 -0.3165935 -0.3380293 -0.6398525 -0.5902028 -0.6853882 -0.7167677 -0.72491485 -0.6670967 -0.64797944 -0.6526173 -0.65576816 -0.61605954 -0.6882121 -0.6628259 -0.014964479 -0.1032507 -0.40317205 -0.66397804 -0.527722 0.031112818 0.6919981 0.31400436 0.7757075 0.7786644 0.84749985 0.8490981 0.56349564 0.73294497 0.8567157 0.5338078 0.87404263 0.54532355 -0.31587207 0.73267597 0.8527101 0.7169834 0.83937585 0.8566824 0.82093227 0.8602867 0.841622 0.60502195 0.7776981 0.8404714 0.84359586 0.8348452 0.8226971 0.8111446 0.7973713 0.84257215 0.78462684 NaN NaN -0.047826335 0.1187916 0.0687429 0.19311446 -0.03491012 -0.3946567 -0.45561007 -0.47459102 -0.48852533 0.18887821 0.22642167 0.16173503 -0.38567305 0.017039461 -0.41612855 0.007045069 0.35121283 0.3345625 -0.18520577 -0.67968583 -0.7168719 -0.34330958 0.15810566 0.30606586 0.3585224 0.053263403 -0.5932962 0.083172 -0.5869037 -0.6673521 -0.5883517 -0.6376515 -0.6117884 -0.53197694 -0.5855233 -0.58949363 -0.6036555 -0.4918733 -0.39202708 -0.5124298 -0.57233256 -0.4452632 -0.32475692 -0.56046814 -0.37972143 -0.4822881 -0.24675101 -0.41309968 -0.6023313 -0.5160841 -0.049407285 0.41775602 0.34526408 0.31375208 0.31072286 0.109270155 -0.52680767 -0.5589524 -0.011145639 -0.096649565 0.340676 0.40615693 0.059486255 -0.44788373 0.3158934 0.12986703 -0.11075617 -0.26247713 0.21861944 0.3413257 0.3052397 0.28921342 0.27597332 0.35615167 0.16518414 0.2539627 -0.47390202 -0.64865476 -0.621178 -0.11577069 0.40220237 0.3881961 0.38332507 0.25274822 0.25190225 -0.17641793 -0.35057333 0.25426012 0.37077832 -0.49949554 -0.672485 -0.6599088 -0.70491356 -0.71970993 -0.30481184 -0.026985517 -0.3000519 0.20825624 0.21797553 0.1619118 -0.6614247 -0.7278785 -0.655486 -0.5947441 -0.64319533 NaN 
0.512669 0.2751835 0.51761556 0.51349396 1.0 0.7807848 0.5732081 0.2753657 0.53039694 0.07149615 -0.12730552 -0.07359674 -0.085676886 -0.14759979 -0.12144712 0.11214813 0.33538324 0.56474453 0.2244091 0.253532 0.31753913 0.1292303 0.17927526 0.46491143 0.18523665 0.24798694 0.092432074 0.34940773 0.28079608 0.25569636 0.20175835 0.30176952 0.15178163 0.2909522 0.18666187 0.10357439 0.22962871 0.040088397 -0.16707107 -0.1497605 -0.2614957 -0.27188343 -0.16784017 -0.29552895 -0.24131675 -0.24198142 -0.25467378 -0.20049475 -0.2102017 -0.22208117 -0.29947132 -0.32391572 -0.18273458 -0.13646646 -0.24242915 -0.15904199 -0.08135198 0.0014935471 0.13168763 0.3352727 0.2428311 0.4978727 0.27756387 0.4094833 0.32207102 0.22805277 0.56484157 0.56352174 0.20994355 0.5859359 0.24528694 0.48959273 0.38402817 0.46413884 0.19902445 0.30289686 0.24535935 0.22056073 0.3721034 0.28863028 0.20563535 0.5394459 0.38476303 0.26159054 0.23311728 0.26489428 0.23047955 0.3350157 0.39445487 0.20030987 0.16727526 NaN NaN -0.29693487 -0.37351984 -0.33075628 -0.3733734 -0.3292302 -0.1800901 -0.22944136 -0.31669727 -0.08703918 -0.3400869 -0.32714283 -0.2905399 -0.049965862 -0.26072565 -0.12953123 -0.2727647 -0.3218377 -0.31700754 -0.16955015 0.004812956 -0.062813 -0.14384036 -0.3053662 -0.32949808 -0.30089238 -0.105366424 0.14687465 -0.34666365 0.1427969 -0.02214227 -0.25658658 -0.14426471 -0.21710111 -0.277754 -0.19847691 -0.16597506 -0.10273195 -0.18668218 -0.23248224 -0.16531958 -0.121382736 -0.14380361 -0.30252403 0.07709427 -0.18398343 -0.09413912 -0.26723087 -0.16557282 0.07149656 0.19454782 0.2163224 -0.09810917 -0.15660608 -0.17637242 -0.099968866 0.023338139 0.19660254 0.11436591 0.049547277 0.18929464 -0.15600938 -0.21473742 -0.08367908 0.23034729 -0.13676082 -0.08493734 -0.062850885 0.057444025 -0.19223383 -0.22082421 -0.2324654 -0.24908067 -0.24637735 -0.25864145 -0.11707234 -0.15565467 0.09979362 0.009056282 0.21259479 0.05973882 -0.21861471 -0.17581393 -0.15406404 -0.13726237 -0.11480433 0.1997557 0.1990798 -0.082996316 -0.20847328 0.096599355 -0.04548774 -0.19265354 -0.10246795 -0.031807736 -0.33009306 -0.38606676 0.19741136 -0.20088771 -0.13422318 -0.25412235 -0.16087075 -0.10021973 -0.099766 -0.031935554 -0.060841244 NaN 
0.5519185 0.42013234 0.57226795 0.5387117 0.7807848 1.0 0.7359319 0.38109803 0.36726367 -0.1320509 -0.26017296 -0.21157959 -0.21631935 -0.25016478 -0.22955658 -0.03836766 0.10766237 0.37367144 0.26931405 0.36922497 0.4045116 0.27256784 0.2701538 0.342331 0.25655645 0.3224624 0.26383403 0.45552683 0.4270301 0.3552702 0.27631468 0.28408113 0.0074790637 0.15171957 0.30090383 0.24162567 0.28389966 -0.09505287 -0.25490263 -0.22039019 -0.28156126 -0.2934708 -0.27514246 -0.35157853 -0.30552843 -0.32212415 -0.319487 -0.24635477 -0.25091878 -0.2665882 -0.3679707 -0.39091396 -0.26620603 -0.26421997 -0.2717483 -0.23777837 -0.24167278 -0.16788726 -0.051449057 0.1977836 0.27051565 0.37448025 0.2664626 0.36015284 0.37928635 0.31188622 0.427953 0.47898504 0.28347263 0.4571956 0.31818566 0.37265652 0.18293056 0.41103303 0.342882 0.39221442 0.42718428 0.3511258 0.46020764 0.37938765 0.32422873 0.55726177 0.51312846 0.37532035 0.35994434 0.33581358 0.30625275 0.3897702 0.44032034 0.3446719 0.36909762 NaN NaN -0.14760844 -0.18349122 -0.13546157 -0.19607726 -0.20310198 -0.10408063 -0.21070333 -0.26910815 -0.08488433 -0.17550223 -0.15222403 -0.09605782 0.02177257 -0.09316068 -0.14581133 -0.15500385 -0.08125609 -0.1171863 -0.09354379 -0.06878664 -0.19389655 -0.19292021 -0.21715789 -0.17629121 -0.14322458 -0.025469339 0.0061265966 -0.234197 0.02801916 -0.15714112 -0.37610868 -0.27088353 -0.31546587 -0.36462125 -0.2998557 -0.26441172 -0.22344698 -0.2894818 -0.30079025 -0.29839498 -0.26691762 -0.29080045 -0.3650897 -0.018465368 -0.18650661 -0.2117025 -0.35533717 -0.29404217 -0.09382099 0.018864965 0.16628313 0.031075172 -0.018735778 -0.04584291 0.06487368 0.07680912 0.07049911 -0.059619136 0.023409542 0.15799576 -0.035670448 -0.09826914 -0.1007724 0.078496195 -0.029537752 -0.030357255 -0.09140797 0.008986734 -0.03951486 -0.024070607 -0.03641819 -0.08939918 -0.078368366 -0.08830311 -0.031172188 -0.044838976 -0.03562719 -0.19646205 0.024218915 -7.1846193E-4 -0.08191043 -0.038013615 -0.012610325 -0.037384495 -0.043183 0.18487428 0.15580066 0.039046153 -0.116381824 -0.020528052 -0.16045971 -0.29232565 -0.23847754 -0.20021714 -0.4370611 -0.38846773 0.17836471 -0.121422194 -0.03381704 -0.17121163 -0.3017758 -0.22608756 -0.17817347 -0.086606815 -0.15124416 NaN 
0.710833 0.64968014 0.75556815 0.66729164 0.5732081 0.7359319 1.0 0.7567852 0.44096452 -0.43172467 -0.5010799 -0.42588297 -0.4462855 -0.4747025 -0.4863529 -0.30750722 -0.14480679 0.25803447 0.5018632 0.62342227 0.59775615 0.5200025 0.50884134 0.18628736 0.43255997 0.46182472 0.48822987 0.59035987 0.61980605 0.54129 0.4477837 0.14925505 -0.30393675 -0.09899378 0.51910144 0.49957153 0.41323274 -0.3976 -0.5179114 -0.4507459 -0.42534834 -0.43023512 -0.552459 -0.5740473 -0.54339284 -0.56207734 -0.5409841 -0.42115644 -0.42179355 -0.44626805 -0.6009066 -0.6256941 -0.5130434 -0.5866749 -0.3976483 -0.43424007 -0.55641836 -0.50015414 -0.42815995 -0.062533155 0.3199089 0.19307733 0.31663442 0.35583746 0.4618926 0.45524415 0.25808153 0.4139494 0.43630704 0.29758227 0.4921024 0.20780137 -0.19885851 0.3435667 0.5264404 0.45329726 0.5969738 0.54428744 0.56852657 0.5454218 0.51372355 0.5646708 0.67125183 0.5899574 0.5499585 0.51312536 0.46773782 0.50136125 0.53170514 0.54900813 0.59699154 NaN NaN 0.119996846 0.17547365 0.22947098 0.19081561 0.11921246 0.037000127 -0.10013329 -0.15085872 -0.034568693 0.20125961 0.24261275 0.27918643 0.11595426 0.23095883 -0.102386214 0.11429143 0.28396907 0.24673094 0.048380833 -0.314804 -0.47285214 -0.18482523 0.06550247 0.17356817 0.22434683 0.20020877 -0.21728134 0.02216163 -0.23283252 -0.49442768 -0.68793315 -0.5985268 -0.6185379 -0.6416287 -0.6061701 -0.56909496 -0.55197316 -0.5579157 -0.52433234 -0.58135474 -0.5870327 -0.5734485 -0.5183558 -0.29379475 -0.36576748 -0.5069779 -0.53377575 -0.5575001 -0.42529896 -0.25703233 0.19453849 0.3698899 0.32550696 0.29150707 0.39412087 0.28898847 -0.13867599 -0.27562407 0.18792203 0.28585148 0.3296046 0.27443278 0.08958757 -0.06961081 0.3167047 0.22996543 0.025347682 0.055888426 0.30151293 0.34988204 0.31703314 0.25681052 0.26677188 0.261744 0.24226354 0.2551049 -0.17512974 -0.49940467 -0.28552005 0.06510841 0.2751644 0.30756086 0.3396085 0.28213483 0.27799377 0.28201288 0.1371219 0.38863507 0.24914214 -0.10188202 -0.4431243 -0.56231195 -0.52671236 -0.4966686 -0.4306401 -0.21170028 0.21771434 0.20629385 0.28295997 0.112952776 -0.535916 -0.5359949 -0.4255464 -0.30298024 -0.39106902 NaN 
0.77540565 0.87812287 0.8476403 0.8351934 0.2753657 0.38109803 0.7567852 1.0 0.65832174 -0.5699726 -0.5060833 -0.40948978 -0.47607374 -0.46970037 -0.54535455 -0.6088754 -0.39999664 -0.046288565 0.77744055 0.8317161 0.8007937 0.83703107 0.81698513 -0.08766753 0.7588753 0.72371423 0.81924045 0.6778702 0.73081934 0.6436173 0.72384125 -0.013803596 -0.43597692 -0.28589228 0.78311354 0.82496905 0.6915336 -0.41906586 -0.49012026 -0.44566494 -0.27657488 -0.29704696 -0.62747496 -0.5621118 -0.6376425 -0.673471 -0.666745 -0.5931284 -0.57624096 -0.58381146 -0.6250077 -0.5982438 -0.6524953 -0.68546635 -0.0831491 -0.20908745 -0.51531494 -0.70824116 -0.6234335 -0.13322522 0.60169244 0.15060683 0.6463666 0.6266309 0.7751498 0.8113126 0.3650852 0.5494376 0.7945691 0.33621445 0.8171688 0.3325103 -0.45904273 0.5517065 0.82962865 0.6729344 0.8264029 0.8239703 0.74994 0.79363245 0.79272103 0.50051004 0.7478504 0.81957215 0.82022977 0.77689224 0.7661949 0.7346082 0.7285094 0.86188745 0.88409466 NaN NaN 0.050356306 0.23513661 0.20799014 0.3176941 0.075173914 -0.2716391 -0.3672681 -0.37077338 -0.40680474 0.29362193 0.34051207 0.2864276 -0.28578964 0.14359489 -0.3739259 0.080571815 0.47146624 0.42321593 -0.14109053 -0.68353343 -0.76613075 -0.4094743 0.1515892 0.34339738 0.40712175 0.061349344 -0.62648 0.09946434 -0.6064572 -0.7096541 -0.66489905 -0.6858777 -0.6472706 -0.5849785 -0.62734663 -0.61953413 -0.6512226 -0.571087 -0.4792254 -0.6037819 -0.65073895 -0.5576801 -0.37802538 -0.5801235 -0.40806106 -0.5755338 -0.35661003 -0.51660043 -0.6651796 -0.6138392 -0.14815828 0.43768626 0.37637016 0.34425554 0.3541163 0.08678635 -0.5777045 -0.6340943 -0.047396064 -0.10468399 0.38459447 0.4484476 0.014053592 -0.49622846 0.36792094 0.1351158 -0.13930339 -0.2783589 0.28935212 0.43197075 0.39001268 0.35839567 0.34747306 0.4261592 0.18985495 0.29192576 -0.5223917 -0.73024625 -0.67061865 -0.17342949 0.43372917 0.4160972 0.4161391 0.27912706 0.27304474 -0.15402447 -0.33082038 0.3313519 0.39538822 -0.51322234 -0.6571595 -0.64391243 -0.70000994 -0.7424089 -0.3436633 -0.036088873 -0.27374426 0.23769553 0.25609297 0.18185717 -0.72327 -0.7273622 -0.61200374 -0.5395274 -0.5907691 NaN 
0.56675845 0.5011326 0.56785566 0.61200696 0.53039694 0.36726367 0.44096452 0.65832174 1.0 -0.012680561 -0.006865604 0.11401878 0.01916131 -0.009998384 -0.077932574 -0.16076335 0.17118481 0.33317277 0.57356423 0.5376424 0.5952125 0.5191011 0.54591894 0.25607547 0.5877457 0.6104907 0.51600474 0.55340075 0.5243033 0.47358534 0.5818224 0.27802086 0.060644392 0.12238223 0.54600585 0.49628562 0.5921982 0.062768936 -0.07770354 -0.045450635 0.032383867 0.002306514 -0.20698355 -0.19391428 -0.29936856 -0.35605878 -0.38561764 -0.4349868 -0.43088943 -0.42574942 -0.3516745 -0.2985873 -0.40302822 -0.27935642 0.1654514 0.13088939 -0.036083847 -0.3053145 -0.12382976 0.3050932 0.5806775 0.4618066 0.63374627 0.6468602 0.64758646 0.60717016 0.62684613 0.6497696 0.60129005 0.57509583 0.59360534 0.6031535 0.040886406 0.67671174 0.5336023 0.54497576 0.51227635 0.51867545 0.5661775 0.5400527 0.4799184 0.49024817 0.49907336 0.5131686 0.5261768 0.54013485 0.53574574 0.59400606 0.609853 0.5819791 0.5738859 NaN NaN -0.32761547 -0.30556056 -0.3439545 -0.2553461 -0.40503433 -0.525427 -0.5594133 -0.6160595 -0.54038334 -0.2776778 -0.25104153 -0.29580468 -0.47822303 -0.37428668 -0.50486106 -0.36240613 -0.13545363 -0.1615023 -0.44257587 -0.4662464 -0.5119245 -0.5386367 -0.3161429 -0.22068544 -0.17194906 -0.33094978 -0.41827518 -0.36737353 -0.37003165 -0.35109162 -0.2755722 -0.31338614 -0.29858494 -0.2499919 -0.28402594 -0.31108192 -0.29181492 -0.23670834 -0.19794662 -0.23213488 -0.22737178 -0.11332957 -0.0861648 -0.22335361 -0.15754189 -0.16505785 -0.042826176 -0.09503394 -0.23487775 -0.2753809 -0.2226326 -0.073032655 -0.1524767 -0.1753446 -0.16583729 -0.25192228 -0.3063154 -0.32611856 -0.23056674 -0.23826845 -0.117024675 -0.0470025 -0.19171059 -0.2475766 -0.07686065 -0.17700769 -0.23767745 -0.3138379 -0.20492814 -0.13902672 -0.16761045 -0.17910953 -0.18757163 -0.1158021 -0.21713056 -0.13903366 -0.30857533 -0.22918649 -0.21298975 -0.2816242 -0.12358871 -0.13901103 -0.1504484 -0.22298904 -0.20166299 -0.32371262 -0.36284506 -0.20037764 -0.11459915 -0.4215922 -0.30788267 -0.26217484 -0.26988164 -0.26973745 -0.13486603 -0.10289635 -0.25349075 -0.17577082 -0.17059135 -0.19152771 -0.36879793 -0.30274075 -0.31654218 -0.29643503 -0.27125978 NaN 
-0.52151245 -0.6317318 -0.6027982 -0.57514304 0.07149615 -0.1320509 -0.43172467 -0.5699726 -0.012680561 1.0 0.9174038 0.84624606 0.9062123 0.8739789 0.92017746 0.90521395 0.729948 0.29276556 -0.56637293 -0.62829363 -0.567214 -0.62242645 -0.5988101 0.21914712 -0.53167945 -0.4963612 -0.586367 -0.45170283 -0.5035171 -0.5188585 -0.5048311 0.16028403 0.59652007 0.4427364 -0.5909614 -0.6146852 -0.48008704 0.5420021 0.6290592 0.59605336 0.47273898 0.47168344 0.7537273 0.6705067 0.76519585 0.7832728 0.7810086 0.7119248 0.7011355 0.71387273 0.7476675 0.7054655 0.76083916 0.7785154 0.2038199 0.29866195 0.59866226 0.7629453 0.7018591 0.248972 -0.34549403 0.022773515 -0.39625373 -0.36305934 -0.4594992 -0.5058273 -0.12745275 -0.32134077 -0.5379959 -0.17212628 -0.58250856 -0.16870187 0.4909358 -0.330566 -0.6031071 -0.47112706 -0.6301966 -0.6524397 -0.6010691 -0.6506766 -0.6754367 -0.42372814 -0.64603657 -0.6617608 -0.6492394 -0.6326231 -0.62674135 -0.5866879 -0.554967 -0.6296878 -0.5574347 NaN NaN -0.4771281 -0.6505537 -0.65568703 -0.68886894 -0.5633606 -0.18143003 -0.127261 -0.13381541 -0.044334 -0.7206318 -0.7137033 -0.69353443 -0.1430547 -0.59567523 -0.16054818 -0.6190289 -0.7697504 -0.792439 -0.4645024 0.40370747 0.4454159 -0.2684763 -0.7386552 -0.79673374 -0.80293906 -0.62540495 0.37268558 -0.616958 0.48309216 0.6939282 0.6077755 0.69503427 0.6776933 0.5906189 0.67999494 0.69847506 0.7132374 0.51998544 0.40712082 0.5818486 0.670328 0.5455995 0.3813829 0.6418254 0.43573296 0.5978231 0.33925566 0.5323945 0.73859584 0.5197044 -0.21357466 -0.70691764 -0.6948139 -0.6825827 -0.6875593 -0.4798733 0.47700068 0.5192339 -0.26932245 -0.18538402 -0.688668 -0.70916176 -0.40074712 0.34739086 -0.66069025 -0.5181401 -0.27426064 -0.111362234 -0.6924773 -0.7696288 -0.7582695 -0.7456774 -0.750205 -0.76984775 -0.6634639 -0.7145991 0.1775854 0.6267835 0.6538563 -0.27013165 -0.78281945 -0.78697205 -0.79956317 -0.7048392 -0.7000465 -0.20339772 0.038775977 -0.6730752 -0.738927 0.26148117 0.807394 0.81912684 0.84577626 0.80811936 0.12681091 -0.24093795 -0.0031798603 -0.63594604 -0.63206 -0.58970404 0.52757394 0.84996486 0.804331 0.7355005 0.78217584 NaN 
-0.534999 -0.5609006 -0.59296817 -0.5332812 -0.12730552 -0.26017296 -0.5010799 -0.5060833 -0.006865604 0.9174038 1.0 0.9588023 0.97281563 0.9741152 0.9637936 0.76578736 0.61624515 0.12300058 -0.48390427 -0.5888467 -0.55060524 -0.53212315 -0.51435405 0.020607686 -0.4400012 -0.44145215 -0.4784361 -0.47036606 -0.48683038 -0.5037206 -0.39737025 0.10181984 0.52666557 0.31667915 -0.5007754 -0.4983395 -0.38164887 0.5652595 0.71930254 0.68217283 0.65687466 0.6421182 0.7720659 0.7766831 0.7850021 0.77456725 0.7649154 0.62112975 0.61732775 0.63774693 0.77592885 0.77254766 0.6767673 0.7465046 0.4353793 0.47836015 0.66683245 0.63724214 0.59234184 0.23992972 -0.21113993 -0.013003825 -0.2602264 -0.29474077 -0.35755536 -0.37912723 -0.14854595 -0.33748114 -0.4062436 -0.24495639 -0.4817536 -0.18164346 0.29979095 -0.2977489 -0.50506395 -0.42889765 -0.56513774 -0.5782596 -0.58539504 -0.5972299 -0.6033757 -0.5156407 -0.6555494 -0.6071574 -0.5776111 -0.57018167 -0.5476051 -0.53661776 -0.5354673 -0.5297387 -0.44526842 NaN NaN -0.45646077 -0.58694875 -0.62945974 -0.6083624 -0.5616164 -0.31430656 -0.24692775 -0.23923382 -0.22879255 -0.6612588 -0.6482131 -0.66555107 -0.31619823 -0.6036975 -0.31602398 -0.627699 -0.6646269 -0.6958627 -0.559003 0.20611148 0.2644178 -0.38452154 -0.6765594 -0.6925474 -0.6971065 -0.67280895 0.11963679 -0.5555313 0.24884675 0.5404533 0.6312535 0.630413 0.6613743 0.63999635 0.6688898 0.6422065 0.63473576 0.54223067 0.4763444 0.5933367 0.64983183 0.60359263 0.53833735 0.50707996 0.4974577 0.608449 0.5087212 0.613238 0.59521145 0.300576 -0.38984868 -0.67962295 -0.665233 -0.6545813 -0.6860752 -0.5730558 0.24965495 0.3279808 -0.35741183 -0.3508624 -0.64841115 -0.6193364 -0.4286294 0.12298554 -0.6148176 -0.5300614 -0.33540645 -0.28112522 -0.68085283 -0.7231503 -0.71343946 -0.69755363 -0.7074124 -0.7021308 -0.69731146 -0.70041806 -0.024864567 0.5322444 0.45425573 -0.3992427 -0.71182835 -0.7418526 -0.76908475 -0.7216595 -0.7120987 -0.41466624 -0.20440125 -0.6912579 -0.6566707 0.055389605 0.70156264 0.83457464 0.8061863 0.7438162 0.29784402 -0.047181636 -0.17687456 -0.5854287 -0.6115851 -0.5150431 0.49090597 0.79037994 0.72425354 0.6232838 0.6991734 NaN 
-0.44629744 -0.47479242 -0.49257207 -0.42494148 -0.07359674 -0.21157959 -0.42588297 -0.40948978 0.11401878 0.84624606 0.9588023 1.0 0.9785742 0.9658707 0.9345293 0.7121789 0.6894272 0.24181083 -0.33849165 -0.46772966 -0.43195283 -0.42706767 -0.40041998 0.08024556 -0.31736323 -0.31579092 -0.37514895 -0.3565606 -0.3709666 -0.3639745 -0.2529266 0.17781498 0.53146136 0.33177623 -0.37849295 -0.39110765 -0.25104672 0.58675504 0.70616776 0.6911415 0.704448 0.6862086 0.72026616 0.7572095 0.7156987 0.68150705 0.6513359 0.46339372 0.45460662 0.4693808 0.64186734 0.6726059 0.5088646 0.6310542 0.4790571 0.50639063 0.6289619 0.51168007 0.50205797 0.27404854 -0.08628002 0.041779716 -0.15973468 -0.22386937 -0.28103673 -0.29939318 -0.11172031 -0.28399438 -0.32276893 -0.22397473 -0.40205497 -0.14698152 0.1988581 -0.23749739 -0.43553782 -0.37599793 -0.49975467 -0.51003075 -0.5265117 -0.5226926 -0.53200364 -0.47544467 -0.60042226 -0.5372426 -0.5070716 -0.49814847 -0.4752796 -0.45998457 -0.46654963 -0.44547594 -0.36434895 NaN NaN -0.38610446 -0.5277056 -0.5779509 -0.54621917 -0.51441723 -0.3323153 -0.24870645 -0.25983143 -0.2805887 -0.6090722 -0.5996238 -0.6306298 -0.3620158 -0.5863362 -0.32954034 -0.5811817 -0.60356027 -0.63040245 -0.5591165 0.08048088 0.15086715 -0.4080513 -0.6195895 -0.632435 -0.6291025 -0.63523805 -0.020402336 -0.54876584 0.07866472 0.3592132 0.5075035 0.46232006 0.49756357 0.5000996 0.502689 0.45594823 0.45871988 0.43545032 0.39861736 0.48524627 0.52657264 0.54194826 0.5132745 0.37668958 0.44141075 0.5317433 0.49989617 0.5696117 0.46506265 0.18875423 -0.40555167 -0.6322217 -0.6204447 -0.6110859 -0.6486742 -0.55728245 0.16102518 0.24706551 -0.3289533 -0.35120133 -0.5846181 -0.5458918 -0.37086394 0.06643113 -0.53251565 -0.4518333 -0.27768433 -0.26500928 -0.6223223 -0.66081446 -0.6498938 -0.63419056 -0.6432817 -0.63557875 -0.6336251 -0.61844134 -0.035830863 0.53033847 0.40749955 -0.337087 -0.64087087 -0.674746 -0.70745283 -0.675124 -0.65568405 -0.43838474 -0.2484988 -0.640242 -0.5744064 -0.0029382452 0.5551449 0.7239609 0.71238744 0.6756695 0.39567575 0.07654271 -0.16367936 -0.5005102 -0.53928494 -0.4292768 0.4798828 0.68818575 0.57517767 0.47531217 0.56836563 NaN 
-0.4994261 -0.53936625 -0.5597812 -0.5068958 -0.085676886 -0.21631935 -0.4462855 -0.47607374 0.01916131 0.9062123 0.97281563 0.9785742 1.0 0.983242 0.97644186 0.80372256 0.7061439 0.24002443 -0.41877797 -0.52426976 -0.48683068 -0.48992714 -0.4662459 0.110415585 -0.3905728 -0.38041216 -0.43789274 -0.390554 -0.41198882 -0.412716 -0.33582407 0.17384373 0.5589748 0.36731088 -0.44848713 -0.45863792 -0.33143082 0.5821 0.71045375 0.6935137 0.67041576 0.65766424 0.7598674 0.76548773 0.7696986 0.75189793 0.73204386 0.5830667 0.5743872 0.5877335 0.714745 0.7157291 0.6175688 0.6912565 0.39719304 0.43871328 0.6148305 0.59169686 0.54538417 0.21626411 -0.19997731 -0.025736945 -0.2732829 -0.32140416 -0.37431544 -0.39119446 -0.18826342 -0.36352167 -0.4177792 -0.28249457 -0.49048096 -0.22865835 0.23596261 -0.32714224 -0.51093906 -0.44111267 -0.5684501 -0.5825191 -0.5970031 -0.59709203 -0.6042688 -0.51901144 -0.6544995 -0.60431176 -0.57825637 -0.5733812 -0.55438673 -0.54104507 -0.53807986 -0.5239293 -0.43190545 NaN NaN -0.39377612 -0.5404981 -0.57882833 -0.5659783 -0.50604445 -0.26711512 -0.19348845 -0.19810444 -0.19850455 -0.62208265 -0.6119219 -0.6299518 -0.2921276 -0.571058 -0.28202686 -0.58480465 -0.6355327 -0.6645509 -0.5385855 0.1693803 0.23148224 -0.3842826 -0.6593273 -0.67594564 -0.6763579 -0.6504775 0.07205061 -0.5809635 0.18015909 0.44999388 0.5301253 0.5301467 0.55731606 0.5302225 0.56213665 0.5409145 0.53725517 0.44945616 0.38675123 0.50096375 0.55825925 0.51501554 0.46345374 0.443965 0.43472013 0.53868604 0.44191906 0.5452944 0.53798544 0.2608381 -0.38453293 -0.6594739 -0.64302176 -0.6315404 -0.6619912 -0.5478308 0.23912169 0.3156527 -0.32421815 -0.31684917 -0.61522335 -0.59267807 -0.39307323 0.13583374 -0.5708042 -0.47543383 -0.2862311 -0.22835287 -0.6381318 -0.6836021 -0.6730294 -0.6582442 -0.6648313 -0.6657861 -0.64258415 -0.6456791 0.0223344 0.5530541 0.47773945 -0.32046488 -0.6725106 -0.69977987 -0.7278817 -0.6787344 -0.66871184 -0.3800845 -0.1721325 -0.64592165 -0.6157321 0.083856076 0.66155493 0.7879979 0.7816671 0.7334304 0.32248726 -0.008907191 -0.12384351 -0.53585684 -0.5620789 -0.46903637 0.50649625 0.7629125 0.68515843 0.5967274 0.6723933 NaN 
-0.5131906 -0.5266356 -0.56677306 -0.50854415 -0.14759979 -0.25016478 -0.4747025 -0.46970037 -0.009998384 0.8739789 0.9741152 0.9658707 0.983242 1.0 0.9807749 0.7536617 0.63079363 0.15209262 -0.42501333 -0.5288364 -0.4960083 -0.47679743 -0.45796522 0.040540412 -0.38548508 -0.3839633 -0.42027727 -0.41212103 -0.4274821 -0.43921694 -0.33720043 0.13236734 0.52317613 0.3155992 -0.44304237 -0.4436406 -0.32876495 0.5704833 0.7232099 0.68952364 0.6851684 0.67318624 0.7614962 0.7824145 0.77229196 0.75550437 0.7415451 0.5847302 0.58002794 0.59945536 0.7520003 0.7572248 0.6312304 0.70540065 0.45693284 0.49003473 0.6418711 0.58193654 0.5358077 0.21244341 -0.17744546 -0.034905914 -0.24220105 -0.29321527 -0.33999237 -0.35678825 -0.18233244 -0.35599968 -0.38553345 -0.28447348 -0.46301186 -0.21971005 0.21323022 -0.31198797 -0.4827443 -0.4184531 -0.54604053 -0.5601135 -0.5858344 -0.58378005 -0.5851329 -0.53755563 -0.65129584 -0.5874083 -0.55615413 -0.5564929 -0.53312844 -0.5274844 -0.5297202 -0.5005095 -0.40830657 NaN NaN -0.4124172 -0.5367804 -0.58085185 -0.55396223 -0.5135921 -0.3016399 -0.23193485 -0.22659998 -0.2369821 -0.6098798 -0.5972477 -0.6200798 -0.32558653 -0.56928915 -0.3202583 -0.59028465 -0.6099187 -0.64190286 -0.54806864 0.14847638 0.20979708 -0.39971977 -0.6402825 -0.6470588 -0.6489762 -0.6557934 0.040082417 -0.55436295 0.1576642 0.44700512 0.5638008 0.5468933 0.5878991 0.580471 0.60202336 0.5735267 0.55756986 0.4787764 0.42350775 0.5251098 0.5768562 0.537917 0.5021862 0.42735696 0.45059726 0.55011535 0.48480067 0.5718579 0.5224757 0.22676231 -0.42330265 -0.6548964 -0.63912994 -0.6278929 -0.66345954 -0.57498085 0.18069813 0.26095113 -0.36916614 -0.37004876 -0.6186461 -0.58691245 -0.4263167 0.07009927 -0.58006877 -0.503045 -0.32979652 -0.28972602 -0.64585984 -0.6777439 -0.66842425 -0.65343446 -0.66221046 -0.6544936 -0.65961707 -0.65633535 -0.042445593 0.50626105 0.41776145 -0.3751269 -0.66093713 -0.69283587 -0.72050947 -0.68277377 -0.6805793 -0.4336012 -0.23219842 -0.6555551 -0.61125934 0.025129339 0.6486032 0.7996602 0.76690876 0.706354 0.31872416 -0.008405174 -0.1873664 -0.54197145 -0.572667 -0.46757397 0.49043596 0.75945723 0.68340886 0.5818268 0.6619476 NaN 
-0.5643917 -0.6023588 -0.6282314 -0.5851366 -0.12144712 -0.22955658 -0.4863529 -0.54535455 -0.077932574 0.92017746 0.9637936 0.9345293 0.97644186 0.9807749 1.0 0.8445563 0.6788118 0.19610144 -0.5075813 -0.58978695 -0.54766876 -0.5535688 -0.53718585 0.11038807 -0.46658763 -0.4494292 -0.500785 -0.44090632 -0.4651298 -0.47707587 -0.41845363 0.17027847 0.59141505 0.39560887 -0.51596844 -0.52696085 -0.40563512 0.5991127 0.7398256 0.70376176 0.64779544 0.64608926 0.81120473 0.79852504 0.82820624 0.82170945 0.8099734 0.6737244 0.6670516 0.68393505 0.80067945 0.7914037 0.723184 0.77792144 0.39086637 0.44997567 0.6577523 0.6874878 0.6264029 0.22436297 -0.26444736 -0.04176105 -0.33869225 -0.36579067 -0.4265852 -0.45106554 -0.21307486 -0.397781 -0.48205826 -0.29049054 -0.5483425 -0.2497705 0.3072061 -0.36898386 -0.56453377 -0.47371083 -0.61551464 -0.6352422 -0.64017093 -0.6525219 -0.6594083 -0.5399731 -0.69168395 -0.6566894 -0.6307381 -0.6287378 -0.61132056 -0.5988673 -0.5909116 -0.58758247 -0.4934739 NaN NaN -0.4228257 -0.570048 -0.593508 -0.5945643 -0.5148797 -0.22801979 -0.15878761 -0.15541375 -0.13733077 -0.64508235 -0.63566357 -0.6405358 -0.23694701 -0.5652104 -0.24262229 -0.59112924 -0.66611046 -0.6957476 -0.5013324 0.27338776 0.33038706 -0.3330169 -0.6735095 -0.70143604 -0.7123652 -0.6543834 0.16257076 -0.58453727 0.27921215 0.546673 0.59682906 0.6132738 0.6374938 0.599699 0.6437515 0.6316882 0.6235142 0.49761152 0.41848212 0.54758346 0.6155686 0.53393614 0.45487714 0.50213474 0.44618288 0.5680051 0.43196487 0.56055254 0.6051111 0.32859394 -0.36887082 -0.69186497 -0.67164403 -0.65959316 -0.6830911 -0.55723053 0.28543448 0.34532902 -0.36161113 -0.3268178 -0.66435057 -0.6525447 -0.44411042 0.15577705 -0.6295501 -0.52558255 -0.32129794 -0.22718363 -0.6683201 -0.71844095 -0.7074299 -0.6956611 -0.69982475 -0.7061103 -0.67170537 -0.69016135 0.035398796 0.55856967 0.51130027 -0.34554923 -0.7158878 -0.7397692 -0.7627877 -0.70517963 -0.70556784 -0.35851857 -0.13412385 -0.67222387 -0.6743317 0.11667085 0.7276434 0.83795446 0.82658476 0.7676666 0.25732407 -0.093679376 -0.11610704 -0.58491343 -0.6039202 -0.517067 0.5396188 0.8333983 0.7606748 0.6641033 0.73471665 NaN 
-0.54327095 -0.68544585 -0.6232203 -0.64273864 0.11214813 -0.03836766 -0.30750722 -0.6088754 -0.16076335 0.90521395 0.76578736 0.7121789 0.80372256 0.7536617 0.8445563 1.0 0.822011 0.47275302 -0.57518923 -0.5905703 -0.5265206 -0.6399677 -0.6183973 0.4248969 -0.564456 -0.49266848 -0.61114544 -0.35393953 -0.40996504 -0.39970174 -0.51745456 0.32109627 0.66810703 0.5768209 -0.5814455 -0.6414843 -0.5032561 0.5373194 0.5793286 0.5769081 0.37717268 0.39988017 0.7336308 0.6169664 0.7613978 0.79113543 0.789343 0.7635189 0.7399307 0.7324472 0.6745953 0.60386384 0.7582219 0.7293192 0.0011491451 0.12323774 0.4730439 0.77562845 0.6911419 0.18956788 -0.47420254 -0.044324923 -0.56793606 -0.53195614 -0.6165069 -0.6550939 -0.28511894 -0.46012267 -0.6921096 -0.2844651 -0.7087921 -0.3212938 0.46576017 -0.48474747 -0.7030034 -0.5611555 -0.6997121 -0.7356973 -0.670971 -0.72623 -0.7511456 -0.42446646 -0.65790313 -0.7204536 -0.72133815 -0.71050113 -0.7154879 -0.6723748 -0.62513083 -0.7082422 -0.6198716 NaN NaN -0.29268467 -0.5099847 -0.4634889 -0.57255965 -0.36673117 0.10825596 0.14388515 0.11623568 0.24465966 -0.5909696 -0.5957036 -0.5370123 0.14255665 -0.40330255 0.085418046 -0.43219948 -0.69121385 -0.7036411 -0.2323241 0.5562534 0.563154 -0.075113595 -0.6317745 -0.72072214 -0.73960024 -0.46366596 0.4929708 -0.6070862 0.5516037 0.6433083 0.42524898 0.56572455 0.51577395 0.38401467 0.5103375 0.55373627 0.57508785 0.33052444 0.18684526 0.38721573 0.4951837 0.32911932 0.14353345 0.5781424 0.25689694 0.41596258 0.09457058 0.32068345 0.6667014 0.5369976 -0.08858058 -0.6511393 -0.61853975 -0.60311323 -0.579273 -0.34162498 0.5652817 0.55483526 -0.17583323 -0.018637838 -0.61754537 -0.68051183 -0.32224646 0.47225654 -0.58435017 -0.3926718 -0.13715799 0.09763474 -0.5503475 -0.65366375 -0.63485056 -0.6350501 -0.62417495 -0.68315554 -0.4873684 -0.574561 0.37313077 0.66446316 0.7630182 -0.05674813 -0.69354576 -0.67401516 -0.67660594 -0.5527374 -0.5580274 0.053018842 0.27719623 -0.518598 -0.67429686 0.45471615 0.7837709 0.71615934 0.8018546 0.80071783 0.0709197 -0.2719748 0.24231355 -0.5292979 -0.5059069 -0.50927585 0.55296147 0.81605023 0.7787528 0.7511401 0.76640034 NaN 
-0.30656943 -0.49260905 -0.36895192 -0.36267775 0.33538324 0.10766237 -0.14480679 -0.39999664 0.17118481 0.729948 0.61624515 0.6894272 0.7061439 0.63079363 0.6788118 0.822011 1.0 0.80232966 -0.19223519 -0.27619123 -0.2006452 -0.3667467 -0.31598368 0.66819197 -0.22777621 -0.14039287 -0.3479579 -0.028610867 -0.10306131 -0.030670952 -0.14272144 0.5456602 0.7139071 0.6543202 -0.26132867 -0.37328616 -0.14795838 0.618332 0.5371052 0.5604594 0.41397133 0.42843255 0.58772963 0.5111718 0.5472801 0.534329 0.49309263 0.38584602 0.35632315 0.34781674 0.37169823 0.35959685 0.39930344 0.4929185 0.08414016 0.18814114 0.41911817 0.53347665 0.5622542 0.371677 -0.13924696 0.20978302 -0.2713389 -0.28114668 -0.38794535 -0.44434968 -0.06795918 -0.2346399 -0.48544016 -0.12829274 -0.50047994 -0.11052829 0.36708504 -0.24548008 -0.54354143 -0.40498728 -0.5488243 -0.56996065 -0.4912911 -0.5308417 -0.5843228 -0.25217077 -0.48491257 -0.535855 -0.54490083 -0.5134268 -0.52860993 -0.45113143 -0.4067383 -0.49121037 -0.4211489 NaN NaN -0.24887426 -0.4767814 -0.4381355 -0.5252089 -0.3451357 0.019617204 0.09020963 0.0116213495 0.11539222 -0.53287315 -0.544768 -0.5057018 0.03872393 -0.41870344 0.056912545 -0.36691082 -0.61377144 -0.61324376 -0.23329584 0.338668 0.36730695 -0.08158179 -0.5301795 -0.6338224 -0.63293195 -0.3668015 0.2763651 -0.61608005 0.26712453 0.33303344 0.21745598 0.2670212 0.22062333 0.14899775 0.21798217 0.21897846 0.25969875 0.11511598 0.015904851 0.1701107 0.2660131 0.2325222 0.06437839 0.3138338 0.07289848 0.24369988 0.049378246 0.2128662 0.40859932 0.32253158 -0.14084652 -0.6238906 -0.60503477 -0.5932059 -0.5824978 -0.37022245 0.37176046 0.37213162 -0.1569168 -0.039169326 -0.5562265 -0.5959569 -0.26153404 0.35499102 -0.493502 -0.30951163 -0.0813043 0.08188615 -0.4988857 -0.5958031 -0.5758481 -0.56581473 -0.55367976 -0.6017729 -0.38757917 -0.4261057 0.39524704 0.6976176 0.7232347 0.10368978 -0.5677378 -0.54413027 -0.55976593 -0.44849357 -0.42809576 0.044633634 0.21520028 -0.44688508 -0.5401921 0.33065835 0.47545114 0.44950676 0.56493634 0.6339399 0.2092578 -0.077437766 0.26049486 -0.39818257 -0.4104179 -0.39712775 0.46815705 0.5652907 0.44072762 0.41289437 0.45740935 NaN 
0.06477755 -0.16123529 0.0231694 -0.007161079 0.56474453 0.37367144 0.25803447 -0.046288565 0.33317277 0.29276556 0.12300058 0.24181083 0.24002443 0.15209262 0.19610144 0.47275302 0.80232966 1.0 0.22358479 0.19023618 0.25064266 0.017981162 0.07511184 0.8614359 0.12859388 0.24689546 0.0018193856 0.40666777 0.32554594 0.40809122 0.19355525 0.6464626 0.509236 0.60780543 0.118863985 -0.027354404 0.17408763 0.37596157 0.170011 0.23351854 0.09147563 0.10778531 0.17746055 0.08143489 0.115652114 0.09315348 0.053273857 0.028873218 0.0010315398 -0.019376868 -0.07834049 -0.09659397 0.0070129763 0.066965744 -0.18102545 -0.09956371 0.04262159 0.17654082 0.24948522 0.29555672 0.021300277 0.27146918 -0.101272814 -0.08458252 -0.16175437 -0.21828024 0.057469375 -0.0097071435 -0.25403324 0.042459626 -0.228554 0.014717239 0.21222875 -0.048739918 -0.26752976 -0.13580376 -0.23808454 -0.25821188 -0.16650817 -0.2015919 -0.27302223 0.069222696 -0.101017475 -0.1857286 -0.22722188 -0.19093966 -0.22993508 -0.13919048 -0.07776849 -0.17290792 -0.1251802 NaN NaN -0.05325002 -0.22667018 -0.14647835 -0.25474262 -0.08756425 0.1726188 0.19714539 0.08830961 0.22992475 -0.22267576 -0.23798315 -0.1789458 0.20882992 -0.12857836 0.20268334 -0.078291014 -0.30741975 -0.29271096 0.008154612 0.18429299 0.16906542 0.051053382 -0.25533018 -0.34351432 -0.3285438 -0.0591897 0.18658037 -0.44684914 0.09553914 -0.017699637 -0.22351481 -0.15159762 -0.22093855 -0.28456098 -0.21680821 -0.19590767 -0.15316372 -0.28927833 -0.36110175 -0.24536079 -0.15973859 -0.16530682 -0.3219035 0.0025038158 -0.27961385 -0.15674955 -0.31493193 -0.19444701 0.04758911 0.120299466 0.019189602 -0.33457807 -0.32781574 -0.32505953 -0.28825566 -0.1405398 0.19416791 0.14024234 -0.017416088 0.14019333 -0.26094395 -0.3208106 -0.094469294 0.28342608 -0.21368495 -0.06932214 0.033471156 0.18760954 -0.20213465 -0.27037534 -0.2564313 -0.24881472 -0.23061357 -0.28585845 -0.0444905 -0.08156832 0.4047951 0.4021518 0.5139739 0.3263899 -0.23390011 -0.1857037 -0.18976459 -0.093462735 -0.07029387 0.30406898 0.3532058 -0.08177864 -0.22329953 0.30452925 0.09643618 -0.013577174 0.1209177 0.23079707 0.0063074837 -0.095385306 0.40269688 -0.11633625 -0.10234126 -0.1678149 0.15910697 0.12164724 0.043470055 0.084457085 0.09215568 NaN 
