NaN NaN NaN NaN NaN NaN NaN NaN NaN NaN NaN NaN NaN NaN NaN NaN NaN NaN NaN NaN NaN NaN NaN NaN NaN NaN NaN NaN NaN NaN NaN NaN NaN NaN NaN NaN NaN NaN NaN NaN NaN NaN NaN NaN NaN NaN NaN NaN NaN NaN NaN NaN NaN NaN NaN NaN NaN NaN NaN NaN NaN NaN NaN NaN NaN NaN NaN NaN NaN NaN NaN NaN NaN NaN NaN NaN NaN NaN NaN NaN NaN NaN NaN NaN NaN NaN NaN NaN NaN NaN NaN NaN NaN NaN NaN NaN NaN NaN NaN NaN NaN NaN NaN NaN NaN NaN NaN NaN NaN NaN NaN NaN NaN NaN NaN NaN 
NaN NaN NaN NaN NaN NaN NaN NaN NaN NaN NaN NaN NaN NaN NaN NaN NaN NaN NaN NaN NaN NaN NaN NaN NaN NaN NaN NaN NaN NaN NaN NaN NaN NaN NaN NaN NaN NaN NaN NaN NaN NaN NaN NaN NaN NaN NaN NaN NaN NaN NaN NaN NaN NaN NaN NaN NaN NaN NaN NaN NaN NaN NaN NaN NaN NaN NaN NaN NaN NaN NaN NaN NaN NaN NaN NaN NaN NaN NaN NaN NaN NaN NaN NaN NaN NaN NaN NaN NaN NaN NaN NaN NaN NaN NaN NaN NaN NaN NaN NaN NaN NaN NaN NaN NaN NaN NaN NaN NaN NaN NaN NaN NaN NaN NaN NaN 
NaN NaN NaN NaN NaN NaN NaN NaN NaN NaN NaN NaN NaN NaN NaN NaN NaN NaN NaN NaN NaN NaN NaN NaN NaN NaN NaN NaN NaN NaN NaN NaN NaN NaN NaN NaN NaN NaN NaN NaN NaN NaN NaN NaN NaN NaN NaN NaN NaN NaN NaN NaN NaN NaN NaN NaN NaN NaN NaN NaN NaN NaN NaN NaN NaN NaN NaN NaN NaN NaN NaN NaN NaN NaN NaN NaN NaN NaN NaN NaN NaN NaN NaN NaN NaN NaN NaN NaN NaN NaN NaN NaN NaN NaN NaN NaN NaN NaN NaN NaN NaN NaN NaN NaN NaN NaN NaN NaN NaN NaN NaN NaN NaN NaN NaN NaN 
NaN NaN NaN NaN NaN NaN NaN NaN NaN NaN NaN NaN NaN NaN NaN NaN NaN NaN NaN NaN NaN NaN NaN NaN NaN NaN NaN NaN NaN NaN NaN NaN NaN NaN NaN NaN NaN NaN NaN NaN NaN NaN NaN NaN NaN NaN NaN NaN NaN NaN NaN NaN NaN NaN NaN NaN NaN NaN NaN NaN NaN NaN NaN NaN NaN NaN NaN NaN NaN NaN NaN NaN NaN NaN NaN NaN NaN NaN NaN NaN NaN NaN NaN NaN NaN NaN NaN NaN NaN NaN NaN NaN NaN NaN NaN NaN NaN NaN NaN NaN NaN NaN NaN NaN NaN NaN NaN NaN NaN NaN NaN NaN NaN NaN NaN NaN 
NaN NaN NaN NaN NaN NaN NaN NaN NaN NaN NaN NaN NaN NaN NaN NaN NaN NaN NaN NaN NaN NaN NaN NaN NaN NaN NaN NaN NaN NaN NaN NaN NaN NaN NaN NaN NaN NaN NaN NaN NaN NaN NaN NaN NaN NaN NaN NaN NaN NaN NaN NaN NaN NaN NaN NaN NaN NaN NaN NaN NaN NaN NaN NaN NaN NaN NaN NaN NaN NaN NaN NaN NaN NaN NaN NaN NaN NaN NaN NaN NaN NaN NaN NaN NaN NaN NaN NaN NaN NaN NaN NaN NaN NaN NaN NaN NaN NaN NaN NaN NaN NaN NaN NaN NaN NaN NaN NaN NaN NaN NaN NaN NaN NaN NaN NaN 
NaN NaN NaN NaN NaN NaN NaN NaN NaN NaN NaN NaN NaN NaN NaN NaN NaN NaN NaN NaN NaN NaN NaN NaN NaN NaN NaN NaN NaN NaN NaN NaN NaN NaN NaN NaN NaN NaN NaN NaN NaN NaN NaN NaN NaN NaN NaN NaN NaN NaN NaN NaN NaN NaN NaN NaN NaN NaN NaN NaN NaN NaN NaN NaN NaN NaN NaN NaN NaN NaN NaN NaN NaN NaN NaN NaN NaN NaN NaN NaN NaN NaN NaN NaN NaN NaN NaN NaN NaN NaN NaN NaN NaN NaN NaN NaN NaN NaN NaN NaN NaN NaN NaN NaN NaN NaN NaN NaN NaN NaN NaN NaN NaN NaN NaN NaN 
NaN NaN NaN NaN NaN NaN NaN NaN NaN NaN NaN NaN NaN NaN NaN NaN NaN NaN NaN NaN NaN NaN NaN NaN NaN NaN NaN NaN NaN NaN NaN NaN NaN NaN NaN NaN NaN NaN NaN NaN NaN NaN NaN NaN NaN NaN NaN NaN NaN NaN NaN NaN NaN NaN NaN NaN NaN NaN NaN NaN NaN NaN NaN NaN NaN NaN NaN NaN NaN NaN NaN NaN NaN NaN NaN NaN NaN NaN NaN NaN NaN NaN NaN NaN NaN NaN NaN NaN NaN NaN NaN NaN NaN NaN NaN NaN NaN NaN NaN NaN NaN NaN NaN NaN NaN NaN NaN NaN NaN NaN NaN NaN NaN NaN NaN NaN 
NaN NaN NaN NaN NaN NaN NaN NaN NaN NaN NaN NaN NaN NaN NaN NaN NaN NaN NaN NaN NaN NaN NaN NaN NaN NaN NaN NaN NaN NaN NaN NaN NaN NaN NaN NaN NaN NaN NaN NaN NaN NaN NaN NaN NaN NaN NaN NaN NaN NaN NaN NaN NaN NaN NaN NaN NaN NaN NaN NaN NaN NaN NaN NaN NaN NaN NaN NaN NaN NaN NaN NaN NaN NaN NaN NaN NaN NaN NaN NaN NaN NaN NaN NaN NaN NaN NaN NaN NaN NaN NaN NaN NaN NaN NaN NaN NaN NaN NaN NaN NaN NaN NaN NaN NaN NaN NaN NaN NaN NaN NaN NaN NaN NaN NaN NaN 
NaN NaN NaN NaN NaN NaN NaN NaN NaN NaN NaN NaN NaN NaN NaN NaN NaN NaN NaN NaN NaN NaN NaN NaN NaN NaN NaN NaN NaN NaN NaN NaN NaN NaN NaN NaN NaN NaN NaN NaN NaN NaN NaN NaN NaN NaN NaN NaN NaN NaN NaN NaN NaN NaN NaN NaN NaN NaN NaN NaN NaN NaN NaN NaN NaN NaN NaN NaN NaN NaN NaN NaN NaN NaN NaN NaN NaN NaN NaN NaN NaN NaN NaN NaN NaN NaN NaN NaN NaN NaN NaN NaN NaN NaN NaN NaN NaN NaN NaN NaN NaN NaN NaN NaN NaN NaN NaN NaN NaN NaN NaN NaN NaN NaN NaN NaN 
NaN NaN NaN NaN NaN NaN NaN NaN NaN NaN NaN NaN NaN NaN NaN NaN NaN NaN NaN NaN NaN NaN NaN NaN NaN NaN NaN NaN NaN NaN NaN NaN NaN NaN NaN NaN NaN NaN NaN NaN NaN NaN NaN NaN NaN NaN NaN NaN NaN NaN NaN NaN NaN NaN NaN NaN NaN NaN NaN NaN NaN NaN NaN NaN NaN NaN NaN NaN NaN NaN NaN NaN NaN NaN NaN NaN NaN NaN NaN NaN NaN NaN NaN NaN NaN NaN NaN NaN NaN NaN NaN NaN NaN NaN NaN NaN NaN NaN NaN NaN NaN NaN NaN NaN NaN NaN NaN NaN NaN NaN NaN NaN NaN NaN NaN NaN 
NaN NaN NaN NaN NaN NaN NaN NaN NaN NaN NaN NaN NaN NaN NaN NaN NaN NaN NaN NaN NaN NaN NaN NaN NaN NaN NaN NaN NaN NaN NaN NaN NaN NaN NaN NaN NaN NaN NaN NaN NaN NaN NaN NaN NaN NaN NaN NaN NaN NaN NaN NaN NaN NaN NaN NaN NaN NaN NaN NaN NaN NaN NaN NaN NaN NaN NaN NaN NaN NaN NaN NaN NaN NaN NaN NaN NaN NaN NaN NaN NaN NaN NaN NaN NaN NaN NaN NaN NaN NaN NaN NaN NaN NaN NaN NaN NaN NaN NaN NaN NaN NaN NaN NaN NaN NaN NaN NaN NaN NaN NaN NaN NaN NaN NaN NaN 
NaN NaN NaN NaN NaN NaN NaN NaN NaN NaN NaN NaN NaN NaN NaN NaN NaN NaN NaN NaN NaN NaN NaN NaN NaN NaN NaN NaN NaN NaN NaN NaN NaN NaN NaN NaN NaN NaN NaN NaN NaN NaN NaN NaN NaN NaN NaN NaN NaN NaN NaN NaN NaN NaN NaN NaN NaN NaN NaN NaN NaN NaN NaN NaN NaN NaN NaN NaN NaN NaN NaN NaN NaN NaN NaN NaN NaN NaN NaN NaN NaN NaN NaN NaN NaN NaN NaN NaN NaN NaN NaN NaN NaN NaN NaN NaN NaN NaN NaN NaN NaN NaN NaN NaN NaN NaN NaN NaN NaN NaN NaN NaN NaN NaN NaN NaN 
NaN NaN NaN NaN NaN NaN NaN NaN NaN NaN NaN NaN NaN NaN NaN NaN NaN NaN NaN NaN NaN NaN NaN NaN NaN NaN NaN NaN NaN NaN NaN NaN NaN NaN NaN NaN NaN NaN NaN NaN NaN NaN NaN NaN NaN NaN NaN NaN NaN NaN NaN NaN NaN NaN NaN NaN NaN NaN NaN NaN NaN NaN NaN NaN NaN NaN NaN NaN NaN NaN NaN NaN NaN NaN NaN NaN NaN NaN NaN NaN NaN NaN NaN NaN NaN NaN NaN NaN NaN NaN NaN NaN NaN NaN NaN NaN NaN NaN NaN NaN NaN NaN NaN NaN NaN NaN NaN NaN NaN NaN NaN NaN NaN NaN NaN NaN 
NaN NaN NaN NaN NaN NaN NaN NaN NaN NaN NaN NaN NaN NaN NaN NaN NaN NaN NaN NaN NaN NaN NaN NaN NaN NaN NaN NaN NaN NaN NaN NaN NaN NaN NaN NaN NaN NaN NaN NaN NaN NaN NaN NaN NaN NaN NaN NaN NaN NaN NaN NaN NaN NaN NaN NaN NaN NaN NaN NaN NaN NaN NaN NaN NaN NaN NaN NaN NaN NaN NaN NaN NaN NaN NaN NaN NaN NaN NaN NaN NaN NaN NaN NaN NaN NaN NaN NaN NaN NaN NaN NaN NaN NaN NaN NaN NaN NaN NaN NaN NaN NaN NaN NaN NaN NaN NaN NaN NaN NaN NaN NaN NaN NaN NaN NaN 
NaN NaN NaN NaN NaN NaN NaN NaN NaN NaN NaN NaN NaN NaN NaN NaN NaN NaN NaN NaN NaN NaN NaN NaN NaN NaN NaN NaN NaN NaN NaN NaN NaN NaN NaN NaN NaN NaN NaN NaN NaN NaN NaN NaN NaN NaN NaN NaN NaN NaN NaN NaN NaN NaN NaN NaN NaN NaN NaN NaN NaN NaN NaN NaN NaN NaN NaN NaN NaN NaN NaN NaN NaN NaN NaN NaN NaN NaN NaN NaN NaN NaN NaN NaN NaN NaN NaN NaN NaN NaN NaN NaN NaN NaN NaN NaN NaN NaN NaN NaN NaN NaN NaN NaN NaN NaN NaN NaN NaN NaN NaN NaN NaN NaN NaN NaN 
NaN NaN NaN NaN NaN NaN NaN NaN NaN NaN NaN NaN NaN NaN NaN NaN NaN NaN NaN NaN NaN NaN NaN NaN NaN NaN NaN NaN NaN NaN NaN NaN NaN NaN NaN NaN NaN NaN NaN NaN NaN NaN NaN NaN NaN NaN NaN NaN NaN NaN NaN NaN NaN NaN NaN NaN NaN NaN NaN NaN NaN NaN NaN NaN NaN NaN NaN NaN NaN NaN NaN NaN NaN NaN NaN NaN NaN NaN NaN NaN NaN NaN NaN NaN NaN NaN NaN NaN NaN NaN NaN NaN NaN NaN NaN NaN NaN NaN NaN NaN NaN NaN NaN NaN NaN NaN NaN NaN NaN NaN NaN NaN NaN NaN NaN NaN 
NaN NaN NaN NaN NaN NaN NaN NaN NaN NaN NaN NaN NaN NaN NaN NaN NaN NaN NaN NaN NaN NaN NaN NaN NaN NaN NaN NaN NaN NaN NaN NaN NaN NaN NaN NaN NaN NaN NaN NaN NaN NaN NaN NaN NaN NaN NaN NaN NaN NaN NaN NaN NaN NaN NaN NaN NaN NaN NaN NaN NaN NaN NaN NaN NaN NaN NaN NaN NaN NaN NaN NaN NaN NaN NaN NaN NaN NaN NaN NaN NaN NaN NaN NaN NaN NaN NaN NaN NaN NaN NaN NaN NaN NaN NaN NaN NaN NaN NaN NaN NaN NaN NaN NaN NaN NaN NaN NaN NaN NaN NaN NaN NaN NaN NaN NaN 
NaN NaN NaN NaN NaN NaN NaN NaN NaN NaN NaN NaN NaN NaN NaN NaN NaN NaN NaN NaN NaN NaN NaN NaN NaN NaN NaN NaN NaN NaN NaN NaN NaN NaN NaN NaN NaN NaN NaN NaN NaN NaN NaN NaN NaN NaN NaN NaN NaN NaN NaN NaN NaN NaN NaN NaN NaN NaN NaN NaN NaN NaN NaN NaN NaN NaN NaN NaN NaN NaN NaN NaN NaN NaN NaN NaN NaN NaN NaN NaN NaN NaN NaN NaN NaN NaN NaN NaN NaN NaN NaN NaN NaN NaN NaN NaN NaN NaN NaN NaN NaN NaN NaN NaN NaN NaN NaN NaN NaN NaN NaN NaN NaN NaN NaN NaN 
NaN NaN NaN NaN NaN NaN NaN NaN NaN NaN NaN NaN NaN NaN NaN NaN NaN NaN NaN NaN NaN NaN NaN NaN NaN NaN NaN NaN NaN NaN NaN NaN NaN NaN NaN NaN NaN NaN NaN NaN NaN NaN NaN NaN NaN NaN NaN NaN NaN NaN NaN NaN NaN NaN NaN NaN NaN NaN NaN NaN NaN NaN NaN NaN NaN NaN NaN NaN NaN NaN NaN NaN NaN NaN NaN NaN NaN NaN NaN NaN NaN NaN NaN NaN NaN NaN NaN NaN NaN NaN NaN NaN NaN NaN NaN NaN NaN NaN NaN NaN NaN NaN NaN NaN NaN NaN NaN NaN NaN NaN NaN NaN NaN NaN NaN NaN 
NaN NaN NaN NaN NaN NaN NaN NaN NaN NaN NaN NaN NaN NaN NaN NaN NaN NaN NaN 1.0 0.43233058 0.34132227 0.7453786 0.8464121 0.26359284 0.32517955 0.75673336 0.52646166 0.23190854 0.8278016 0.27277923 0.30488312 0.42450646 -0.08530033 0.35696685 0.51245093 0.57137483 0.49450177 0.4078417 0.24657245 -0.07344069 -0.23916352 -0.2674724 -0.16317779 0.28851968 -0.07929693 -0.10331288 -0.051197696 0.23982923 -0.1979691 -0.2149101 -0.08611882 -0.06442066 0.5791309 0.51701146 0.47685844 0.42663056 0.41994146 0.30004928 0.2510469 -0.19758703 0.09951277 -0.15025146 -0.17378321 -0.026071543 -0.050016537 -0.12631108 -0.11396819 0.102383845 -0.04536688 -0.06574686 -0.13258442 -0.042231604 -0.32609424 -0.62246937 -0.34103718 -0.68076056 -0.62624675 -0.71555364 -0.69995856 -0.5437915 -0.11183167 0.023609608 0.09951136 0.0029016784 0.119877264 0.14613676 0.14373867 0.12097742 0.06772404 0.09797506 -0.09426731 -0.19899793 0.22099532 0.035875283 -0.44473553 -0.44376397 0.026845302 -0.27990207 -0.4167526 -0.4405265 -0.2766991 -0.21610902 -0.3989996 -0.09765536 -0.27825046 -0.12261026 -0.13869461 -0.1119964 -0.2676989 -0.26301077 -0.36573267 -0.044741523 -0.29729488 -0.3405761 -0.41777948 
NaN NaN NaN NaN NaN NaN NaN NaN NaN NaN NaN NaN NaN NaN NaN NaN NaN NaN NaN 0.43233058 1.0 0.9859906 0.88313454 0.70664674 0.9591242 0.9614669 0.83112174 0.94156647 0.9379921 0.7713634 0.93452007 0.92581236 0.7866981 0.7192024 0.46522278 -0.10487914 0.0046757823 0.21695583 -0.17706813 0.2605816 0.60975796 0.6217811 0.572763 0.5962246 0.60944563 0.7223384 0.72008014 0.5927082 0.63690674 0.60534054 0.6008557 0.6337349 0.7204001 0.5248482 -0.21888548 -0.28714103 -0.3244894 -0.33781913 -0.41725394 -0.3818138 0.06559801 -0.39869338 -0.49066466 -0.5634979 -0.5690601 -0.6086614 -0.5958432 -0.4558247 -0.49699366 -0.5392606 -0.4887958 -0.49756104 -0.50090057 -0.10522575 -0.27284783 -0.5605186 -0.3410908 -0.022527281 -0.3976475 -0.48973703 -0.36955377 -0.62235355 -0.5752815 -0.5529178 -0.59315073 -0.5527088 -0.54340506 -0.4990603 -0.5370539 -0.58531624 -0.5532046 -0.46162155 -0.44168645 -0.46667773 -0.53390354 -0.1742779 -0.29143184 -0.47907975 -0.16442922 0.004007792 -0.04315503 -0.35897842 -0.57867455 -0.18687488 -0.62311625 -0.6704185 -0.65564984 -0.4768378 -0.5250073 -0.4739113 -0.39420104 -0.10633367 -0.30537948 -0.12710309 -0.10394015 -0.079767965 
NaN NaN NaN NaN NaN NaN NaN NaN NaN NaN NaN NaN NaN NaN NaN NaN NaN NaN NaN 0.34132227 0.9859906 1.0 0.83257425 0.6314657 0.98015904 0.9765499 0.7913971 0.93922156 0.9663745 0.7178749 0.9583632 0.9436633 0.7699375 0.7731346 0.43914813 -0.1733273 -0.06951105 0.16099726 -0.23889269 0.2294411 0.672516 0.69897467 0.6571102 0.67422056 0.641769 0.7923349 0.79452103 0.6432834 0.65560734 0.68556935 0.6884941 0.70674336 0.7791607 0.46268708 -0.30044025 -0.36838916 -0.40389836 -0.41762018 -0.49163878 -0.45660558 0.06982496 -0.45579022 -0.5027693 -0.5737814 -0.5949685 -0.63605917 -0.62068444 -0.47112504 -0.5468108 -0.57621557 -0.52273875 -0.51989573 -0.5342265 -0.09778093 -0.22341502 -0.56365156 -0.2878267 0.054103613 -0.32782614 -0.43504876 -0.34488368 -0.6630177 -0.6241189 -0.610932 -0.6491984 -0.6125222 -0.60596776 -0.557292 -0.5934859 -0.6401678 -0.60595715 -0.50066084 -0.47394893 -0.5362534 -0.5978298 -0.1553949 -0.27819702 -0.54384273 -0.16531685 0.051295377 0.002500448 -0.37248385 -0.6043998 -0.16311392 -0.64786446 -0.67260635 -0.6850468 -0.50828624 -0.56742835 -0.49718332 -0.4099068 -0.073389076 -0.34910676 -0.118012406 -0.08057857 -0.028290581 
NaN NaN NaN NaN NaN NaN NaN NaN NaN NaN NaN NaN NaN NaN NaN NaN NaN NaN NaN 0.7453786 0.88313454 0.83257425 1.0 0.9379819 0.7772237 0.7967984 0.92751265 0.8701042 0.72496474 0.91129494 0.75728333 0.7644467 0.80005574 0.47408676 0.6238788 0.27601618 0.36671332 0.48633277 0.1969418 0.43802896 0.4244022 0.2850508 0.22946317 0.31611773 0.5469252 0.41067553 0.39880952 0.44410807 0.6160462 0.30950207 0.25669265 0.33859766 0.42532533 0.66864365 0.17785807 0.116131164 0.071725585 0.042723116 -0.04534807 -0.08440638 -0.0935833 -0.14042494 -0.27195403 -0.33003715 -0.26878512 -0.31256682 -0.3439459 -0.25008038 -0.16392848 -0.25332025 -0.22081517 -0.25994593 -0.22818935 -0.1612319 -0.43741053 -0.43100828 -0.5100845 -0.359328 -0.5699639 -0.64349395 -0.5036819 -0.36796075 -0.2850186 -0.25138488 -0.36119637 -0.25117615 -0.24027811 -0.2093291 -0.2496014 -0.32034034 -0.26799396 -0.301021 -0.34429243 -0.16017619 -0.29149628 -0.4093643 -0.4658666 -0.30101275 -0.34728107 -0.31772336 -0.3543431 -0.41470644 -0.41485712 -0.33256784 -0.38040054 -0.4978046 -0.4361653 -0.34075055 -0.37065586 -0.48741522 -0.4741816 -0.36146423 -0.29956466 -0.35422492 -0.37176633 -0.39690176 
NaN NaN NaN NaN NaN NaN NaN NaN NaN NaN NaN NaN NaN NaN NaN NaN NaN NaN NaN 0.8464121 0.70664674 0.6314657 0.9379819 1.0 0.58014125 0.61636585 0.89351743 0.7313413 0.51341736 0.9086175 0.5621546 0.58466035 0.7235278 0.2463525 0.63151634 0.48345172 0.57125705 0.62118846 0.42654285 0.5050166 0.24036027 0.02918027 -0.03071124 0.075764515 0.4318965 0.16259934 0.14639705 0.27203983 0.51771444 0.07043833 8.01631E-4 0.10390414 0.18900521 0.69262636 0.424417 0.36811087 0.32461748 0.2973241 0.20599027 0.13429886 -0.13352716 0.07360666 -0.08430265 -0.1390427 -0.04735631 -0.10555857 -0.17237653 -0.112227745 0.060207948 -0.06085976 -0.046862286 -0.1099878 -0.05422193 -0.19239344 -0.52735734 -0.31772718 -0.5746648 -0.54464 -0.64543664 -0.6758321 -0.5429022 -0.17231981 -0.06433684 -0.016509946 -0.17218797 -0.016516445 -0.0071134795 0.0147937 -0.026726319 -0.10351671 -0.037423998 -0.1444749 -0.22971424 0.070636906 -0.08440221 -0.48802108 -0.49954805 -0.11056586 -0.38432914 -0.46974933 -0.4921723 -0.36090723 -0.24340339 -0.40565804 -0.1931024 -0.33777797 -0.22496453 -0.17491801 -0.15350944 -0.36245376 -0.3998242 -0.4412465 -0.19637227 -0.40856966 -0.45597786 -0.5221606 
NaN NaN NaN NaN NaN NaN NaN NaN NaN NaN NaN NaN NaN NaN NaN NaN NaN NaN NaN 0.26359284 0.9591242 0.98015904 0.7772237 0.58014125 1.0 0.9866331 0.76048 0.925363 0.9750304 0.6681145 0.9644886 0.94807214 0.75131136 0.8205201 0.42196867 -0.2391516 -0.1430748 0.10236053 -0.29156002 0.20264244 0.7186579 0.7629587 0.7271847 0.7367188 0.6579416 0.83696425 0.84138256 0.68224096 0.66642195 0.7463987 0.7484471 0.75481266 0.8136231 0.41174278 -0.35423648 -0.41180006 -0.4424817 -0.4550697 -0.5296613 -0.48397896 0.099296115 -0.47497565 -0.49009445 -0.5562114 -0.5999067 -0.64816636 -0.6302845 -0.49043253 -0.58376503 -0.59451175 -0.53606534 -0.52272123 -0.5458749 -0.07996839 -0.17992593 -0.5527999 -0.23694941 0.11501972 -0.26366645 -0.3843764 -0.31133777 -0.68019044 -0.648769 -0.63774747 -0.6702509 -0.6495536 -0.64486957 -0.5962944 -0.6294248 -0.66852456 -0.6358885 -0.52008235 -0.4870026 -0.58195174 -0.6383432 -0.14784572 -0.28442264 -0.60285157 -0.18665944 0.06111923 0.017357204 -0.4022864 -0.6380211 -0.14244504 -0.6620788 -0.6715635 -0.69418764 -0.5085611 -0.5783187 -0.5032362 -0.42792755 -0.073397726 -0.38748384 -0.13285564 -0.085295655 -0.01336444 
NaN NaN NaN NaN NaN NaN NaN NaN NaN NaN NaN NaN NaN NaN NaN NaN NaN NaN NaN 0.32517955 0.9614669 0.9765499 0.7967984 0.61636585 0.9866331 1.0 0.8206386 0.95975846 0.969485 0.7195425 0.9623756 0.94997925 0.75382435 0.7505203 0.38107863 -0.21739672 -0.10358803 0.13345283 -0.2711471 0.21087894 0.6795893 0.7046673 0.66493016 0.6960402 0.69441426 0.81513286 0.80815387 0.6340026 0.66508895 0.702623 0.7117022 0.7400451 0.79518515 0.45896086 -0.31301966 -0.36685377 -0.40029132 -0.4086388 -0.5003298 -0.4597169 0.11049469 -0.44881028 -0.5106156 -0.57418543 -0.6058518 -0.6688471 -0.66697836 -0.5139333 -0.5779015 -0.604479 -0.55420274 -0.5429844 -0.54709125 -0.09863555 -0.2243223 -0.5668981 -0.29365093 0.057404608 -0.34024546 -0.4330422 -0.36477315 -0.70386404 -0.64679426 -0.62585866 -0.6709573 -0.6278069 -0.62177825 -0.571016 -0.6051486 -0.66127187 -0.6149296 -0.50228435 -0.48105818 -0.5541291 -0.60923314 -0.14999337 -0.29046577 -0.5625959 -0.1551036 0.06461928 0.014071034 -0.36629388 -0.62488544 -0.18465257 -0.67956364 -0.69475603 -0.68647575 -0.4994458 -0.5470898 -0.4696786 -0.37931526 -0.060152523 -0.33323056 -0.10960877 -0.06815716 -0.019752253 
NaN NaN NaN NaN NaN NaN NaN NaN NaN NaN NaN NaN NaN NaN NaN NaN NaN NaN NaN 0.75673336 0.83112174 0.7913971 0.92751265 0.89351743 0.76048 0.8206386 1.0 0.9225102 0.72169656 0.93902546 0.7575081 0.77452326 0.76007247 0.37867635 0.46814743 0.1929729 0.31436953 0.4378954 0.118815765 0.37798384 0.4101813 0.2589344 0.20633994 0.3296129 0.6730242 0.45310572 0.4153623 0.39068538 0.6071253 0.3072085 0.2835032 0.40108824 0.4498224 0.6743177 0.14443119 0.110360704 0.06611252 0.05150944 -0.08386777 -0.104637995 0.0066485233 -0.1260454 -0.33026153 -0.37333116 -0.32372802 -0.41708124 -0.48230278 -0.37036562 -0.25090212 -0.3426097 -0.31898198 -0.33687943 -0.2746619 -0.17024934 -0.443665 -0.45362368 -0.5477388 -0.36246964 -0.64028543 -0.65650856 -0.55441827 -0.47379357 -0.34219354 -0.290608 -0.4094882 -0.28455383 -0.27660832 -0.23777215 -0.27943107 -0.37851754 -0.29950607 -0.3166441 -0.36367956 -0.19578698 -0.30334836 -0.35465604 -0.44902226 -0.29609445 -0.2627618 -0.23669963 -0.2837312 -0.35196254 -0.45031992 -0.392372 -0.47995603 -0.57407045 -0.4681416 -0.34632826 -0.3394158 -0.41076362 -0.35986146 -0.27276197 -0.22603785 -0.26724616 -0.28222054 -0.32560024 
NaN NaN NaN NaN NaN NaN NaN NaN NaN NaN NaN NaN NaN NaN NaN NaN NaN NaN NaN 0.52646166 0.94156647 0.93922156 0.8701042 0.7313413 0.925363 0.95975846 0.9225102 1.0 0.9196089 0.84894973 0.92198634 0.9197096 0.7592298 0.61485916 0.38558346 -0.08695653 0.026542796 0.22301486 -0.15705393 0.23519957 0.589779 0.5536603 0.52066815 0.59197205 0.7407023 0.7216397 0.7019253 0.5525051 0.6594656 0.5764136 0.59044564 0.65780646 0.6916924 0.5314966 -0.17155154 -0.21065171 -0.24983351 -0.26025712 -0.38314357 -0.37182683 0.03811725 -0.38374192 -0.50001264 -0.5447988 -0.5426051 -0.6199118 -0.65447885 -0.51482445 -0.5106509 -0.56446695 -0.52740276 -0.51902914 -0.4912519 -0.18140478 -0.34740356 -0.57697177 -0.44229266 -0.11719548 -0.4893292 -0.56513435 -0.49358597 -0.6795459 -0.5852933 -0.5505852 -0.6367119 -0.5574464 -0.54737806 -0.49780545 -0.5332346 -0.6143414 -0.5509474 -0.502705 -0.51464945 -0.46574447 -0.54815406 -0.26149312 -0.3975258 -0.5212987 -0.21964766 -0.043473046 -0.10069628 -0.4128871 -0.63236135 -0.2961567 -0.65891117 -0.7073276 -0.6571326 -0.49497557 -0.5459464 -0.50442123 -0.4056592 -0.14157867 -0.31139025 -0.16195862 -0.13214013 -0.104733095 
NaN NaN NaN NaN NaN NaN NaN NaN NaN NaN NaN NaN NaN NaN NaN NaN NaN NaN NaN 0.23190854 0.9379921 0.9663745 0.72496474 0.51341736 0.9750304 0.969485 0.72169656 0.9196089 1.0 0.64947337 0.9604966 0.9413272 0.7041113 0.7985703 0.33139834 -0.30529073 -0.21398486 0.030330122 -0.35640934 0.115899384 0.6885215 0.76434976 0.7464524 0.751146 0.6705892 0.86566776 0.8671402 0.6560206 0.6412969 0.75777614 0.78596663 0.79265356 0.82634634 0.35722142 -0.41022813 -0.4574346 -0.48851052 -0.49872747 -0.5805266 -0.5435061 0.06254295 -0.5424482 -0.55019194 -0.60295296 -0.6486411 -0.6974484 -0.68977576 -0.5448235 -0.646029 -0.65957505 -0.6113275 -0.5890763 -0.60668063 -0.14588945 -0.21120788 -0.5918561 -0.267537 0.12738034 -0.27488482 -0.39031866 -0.34318084 -0.7418271 -0.70118785 -0.68929 -0.73198146 -0.7065689 -0.7004769 -0.64726996 -0.67722154 -0.7238581 -0.69199467 -0.5899284 -0.56177217 -0.63938373 -0.6869825 -0.15171222 -0.295307 -0.6438431 -0.17066142 0.10798886 0.055408668 -0.40399027 -0.67793494 -0.15516715 -0.70201254 -0.7088421 -0.7312405 -0.5582803 -0.6324069 -0.51448345 -0.40704158 -0.029314807 -0.35121232 -0.070568815 -0.008787453 0.0761069 
NaN NaN NaN NaN NaN NaN NaN NaN NaN NaN NaN NaN NaN NaN NaN NaN NaN NaN NaN 0.8278016 0.7713634 0.7178749 0.91129494 0.9086175 0.6681145 0.7195425 0.93902546 0.84894973 0.64947337 1.0 0.7064348 0.7274549 0.76164705 0.32901004 0.48884898 0.2769913 0.3929192 0.48508674 0.21108362 0.35724798 0.31340453 0.15869474 0.11656366 0.2238534 0.5839364 0.34897095 0.32169354 0.3185793 0.56241715 0.21759225 0.19369683 0.3115665 0.3626218 0.68290156 0.24689354 0.21425556 0.17012735 0.15509254 0.014839451 -0.006642583 -0.05023849 -0.07465459 -0.28487623 -0.33172026 -0.2621079 -0.34557512 -0.4286774 -0.34372967 -0.1853763 -0.31049258 -0.30318096 -0.33953106 -0.27480802 -0.2745182 -0.5750482 -0.49901533 -0.6459778 -0.45702398 -0.7084593 -0.7115597 -0.59748095 -0.40860268 -0.28248134 -0.22209074 -0.35868803 -0.2326554 -0.22017494 -0.18745951 -0.23792188 -0.33545414 -0.257884 -0.33029032 -0.40564883 -0.14619663 -0.29594076 -0.4325712 -0.4991301 -0.26341772 -0.29912388 -0.2997847 -0.33907333 -0.34061518 -0.4033266 -0.40829593 -0.40590328 -0.5270893 -0.4024236 -0.3060649 -0.28534216 -0.36908016 -0.32286602 -0.2825187 -0.13252349 -0.23766577 -0.2597831 -0.31936488 
NaN NaN NaN NaN NaN NaN NaN NaN NaN NaN NaN NaN NaN NaN NaN NaN NaN NaN NaN 0.27277923 0.93452007 0.9583632 0.75728333 0.5621546 0.9644886 0.9623756 0.7575081 0.92198634 0.9604966 0.7064348 1.0 0.982603 0.7939832 0.80036044 0.39082462 -0.25701708 -0.12854172 0.14891413 -0.2777061 0.24391949 0.742534 0.73933613 0.70167625 0.73973507 0.7179178 0.8457804 0.84036255 0.7032983 0.70781094 0.75840116 0.7539887 0.7843702 0.8372572 0.46285596 -0.34984666 -0.40103865 -0.43171054 -0.44891512 -0.53643805 -0.5011333 0.12882797 -0.46234754 -0.5003023 -0.5587624 -0.6088784 -0.677773 -0.6768271 -0.5242311 -0.60377586 -0.6193142 -0.56744546 -0.5419295 -0.557574 -0.08532823 -0.19285567 -0.5586886 -0.25599104 0.10528494 -0.29696015 -0.38005006 -0.3342084 -0.70926785 -0.67015034 -0.6543367 -0.7086669 -0.67029244 -0.66323715 -0.60463077 -0.64833975 -0.7242456 -0.67891896 -0.5600489 -0.5177917 -0.618385 -0.65823805 -0.13247007 -0.27805936 -0.5938542 -0.14229059 0.10237838 0.053185523 -0.32143083 -0.5974691 -0.15109022 -0.69298357 -0.6878965 -0.7115806 -0.51527876 -0.5768784 -0.47762406 -0.3838633 -0.025443383 -0.3631766 -0.07024233 -0.029181948 0.010490658 
NaN NaN NaN NaN NaN NaN NaN NaN NaN NaN NaN NaN NaN NaN NaN NaN NaN NaN NaN 0.30488312 0.92581236 0.9436633 0.7644467 0.58466035 0.94807214 0.94997925 0.77452326 0.9197096 0.9413272 0.7274549 0.982603 1.0 0.8330503 0.78787094 0.39803836 -0.25030953 -0.10319767 0.18052922 -0.2505249 0.27850664 0.7380972 0.7121772 0.6639221 0.70708877 0.72236204 0.8187299 0.8118485 0.6925958 0.7077794 0.7285505 0.7198026 0.7583628 0.8187608 0.50006926 -0.31100002 -0.36088917 -0.39519003 -0.41172767 -0.50783783 -0.46135238 0.16417275 -0.4138845 -0.48448154 -0.55358094 -0.60130864 -0.67718995 -0.675216 -0.520199 -0.5753139 -0.59831667 -0.5434234 -0.52107316 -0.5386631 -0.06905199 -0.21384706 -0.5556747 -0.27455738 0.06852105 -0.3272984 -0.40185425 -0.34420633 -0.69425327 -0.6428171 -0.6226439 -0.6664889 -0.6275519 -0.62530506 -0.5680975 -0.61463934 -0.6931195 -0.64753467 -0.5276225 -0.48216388 -0.5821499 -0.624654 -0.12841137 -0.2710396 -0.5531091 -0.123328134 0.0959925 0.04799268 -0.2763333 -0.56294435 -0.15839635 -0.6929147 -0.6877829 -0.691718 -0.48446572 -0.5250899 -0.4278314 -0.34550515 -0.019918168 -0.32303467 -0.050910667 -0.025863735 -0.006127302 
NaN NaN NaN NaN NaN NaN NaN NaN NaN NaN NaN NaN NaN NaN NaN NaN NaN NaN NaN 0.42450646 0.7866981 0.7699375 0.80005574 0.7235278 0.75131136 0.75382435 0.76007247 0.7592298 0.7041113 0.76164705 0.7939832 0.8330503 1.0 0.6781515 0.7017403 0.0982652 0.22522587 0.46195674 0.11921181 0.5752943 0.6090668 0.4123656 0.34251598 0.43430057 0.600902 0.51434356 0.48581114 0.619779 0.7103181 0.46939126 0.37439418 0.43655312 0.5465835 0.6433203 0.044090677 4.7178642E-4 -0.029587338 -0.06429152 -0.1400719 -0.16176227 0.14715877 -0.04025471 -0.13484845 -0.20468558 -0.23552488 -0.33720732 -0.37101442 -0.2585125 -0.186343 -0.2217226 -0.16541983 -0.14710997 -0.17157531 0.07355005 -0.1914189 -0.23414859 -0.21890034 -0.14198956 -0.3698712 -0.370779 -0.32396686 -0.33154747 -0.2638335 -0.2521712 -0.33901927 -0.25777563 -0.26516563 -0.21249335 -0.2724236 -0.3852476 -0.33441478 -0.25825822 -0.21826553 -0.26129815 -0.29506865 -0.23072164 -0.30531904 -0.2843813 -0.23258454 -0.19182687 -0.20974723 -0.18505988 -0.23401634 -0.24202827 -0.43754837 -0.44329938 -0.42005292 -0.2596417 -0.22358522 -0.33124056 -0.36587867 -0.24518947 -0.33723253 -0.26438192 -0.2940271 -0.34202042 
NaN NaN NaN NaN NaN NaN NaN NaN NaN NaN NaN NaN NaN NaN NaN NaN NaN NaN NaN -0.08530033 0.7192024 0.7731346 0.47408676 0.2463525 0.8205201 0.7505203 0.37867635 0.61485916 0.7985703 0.32901004 0.80036044 0.78787094 0.6781515 1.0 0.451565 -0.38793468 -0.35785854 -0.09017704 -0.41320816 0.13026652 0.7566295 0.8529955 0.8397796 0.78809226 0.4402506 0.8015247 0.8289402 0.74080724 0.5592923 0.8392183 0.7979598 0.7283484 0.79452306 0.18183868 -0.4980185 -0.5451651 -0.562817 -0.58853847 -0.5964202 -0.5292943 0.1482568 -0.481463 -0.3465659 -0.41878653 -0.5348188 -0.5357793 -0.46767417 -0.3736926 -0.5738956 -0.5161631 -0.43482605 -0.38745782 -0.48475754 0.07560459 0.0819228 -0.3833658 0.09877123 0.39862147 0.09877169 -0.047711495 -0.013460587 -0.53011894 -0.5929442 -0.62614894 -0.5685304 -0.6468694 -0.6497264 -0.6051228 -0.6265595 -0.62432396 -0.6691487 -0.49814707 -0.38679314 -0.65163815 -0.67065895 -0.017642034 -0.12782897 -0.6691293 -0.16848059 0.1560746 0.14199182 -0.32250226 -0.5243832 0.073581845 -0.52559805 -0.45337394 -0.60062385 -0.42686716 -0.5492258 -0.45668575 -0.44640115 -0.009821374 -0.50243884 -0.1176855 -0.051451858 0.08956371 
NaN NaN NaN NaN NaN NaN NaN NaN NaN NaN NaN NaN NaN NaN NaN NaN NaN NaN NaN 0.35696685 0.46522278 0.43914813 0.6238788 0.63151634 0.42196867 0.38107863 0.46814743 0.38558346 0.33139834 0.48884898 0.39082462 0.39803836 0.7017403 0.451565 1.0 0.5242408 0.4944464 0.605736 0.48103383 0.6532917 0.40956023 0.17159432 0.124082774 0.16883904 0.24229199 0.13477889 0.13828507 0.46055576 0.5000423 0.18331593 0.03401071 0.052456904 0.16361769 0.4656829 0.30876422 0.26481038 0.25263268 0.20373689 0.20110711 0.11613762 -0.08022633 0.1660683 0.19528686 0.15439749 0.16646624 0.12473229 0.084618695 0.11097229 0.21219939 0.18060458 0.21685992 0.21846789 0.17872223 0.087044805 -0.1276443 0.05016869 -0.16003764 -0.3013958 -0.24959263 -0.33003062 -0.3154524 0.05440324 0.09815251 0.07112186 -0.06330515 0.03436671 0.020227104 0.06626192 0.01875277 -0.062827386 -0.048096918 -0.090658635 -0.09462146 0.01350501 -0.07357837 -0.43241066 -0.4291005 -0.18239702 -0.50267017 -0.5367439 -0.5126178 -0.3175554 -0.0020957163 -0.23608273 -0.0070228 -0.07272584 -0.09849812 -0.07966229 -0.061902337 -0.34965393 -0.48445633 -0.50928843 -0.38881359 -0.5369174 -0.58279955 -0.58138573 
NaN NaN NaN NaN NaN NaN NaN NaN NaN NaN NaN NaN NaN NaN NaN NaN NaN NaN NaN 0.51245093 -0.10487914 -0.1733273 0.27601618 0.48345172 -0.2391516 -0.21739672 0.1929729 -0.08695653 -0.30529073 0.2769913 -0.25701708 -0.25030953 0.0982652 -0.38793468 0.5242408 1.0 0.94429165 0.7763669 0.90683836 0.51626575 -0.20863439 -0.54225546 -0.56400675 -0.4703647 -0.11781163 -0.5241453 -0.5374018 -0.17927259 0.033095557 -0.5155412 -0.6090465 -0.5401292 -0.5008943 0.30869764 0.7468969 0.710746 0.7054831 0.6859072 0.68376905 0.53657365 -0.28398305 0.5031931 0.4269102 0.44856268 0.5899843 0.5624031 0.44060934 0.3558776 0.6370167 0.54102254 0.5039399 0.45513475 0.47699115 -0.114959285 -0.32723722 0.2395265 -0.3610106 -0.696421 -0.41159323 -0.3927615 -0.3991281 0.42334607 0.5256645 0.5406403 0.3507443 0.53675264 0.54867554 0.5511111 0.52377486 0.45335805 0.48961663 0.23631585 0.12511471 0.54612017 0.41959825 -0.4805061 -0.35748845 0.34742585 -0.37596342 -0.66868913 -0.6386589 -0.091485634 0.38381 -0.31119376 0.45753583 0.31695667 0.42041308 0.27426836 0.37811708 0.013531973 -0.106502764 -0.5025221 0.09191766 -0.44284242 -0.5292962 -0.6434418 
NaN NaN NaN NaN NaN NaN NaN NaN NaN NaN NaN NaN NaN NaN NaN NaN NaN NaN NaN 0.57137483 0.0046757823 -0.06951105 0.36671332 0.57125705 -0.1430748 -0.10358803 0.31436953 0.026542796 -0.21398486 0.3929192 -0.12854172 -0.10319767 0.22522587 -0.35785854 0.4944464 0.94429165 1.0 0.90150976 0.9177597 0.62939966 -0.11483181 -0.49633825 -0.5502796 -0.425015 0.0060166516 -0.44283363 -0.4693109 -0.10582668 0.13526104 -0.4571032 -0.56691176 -0.4758391 -0.41197407 0.4365836 0.7287211 0.67969346 0.67422247 0.6666057 0.6498197 0.52518404 -0.15334497 0.52612275 0.35898185 0.35490987 0.49999627 0.44603848 0.32276765 0.28447098 0.59228504 0.47258958 0.445188 0.3815679 0.41646203 -0.06336348 -0.34679124 0.17374998 -0.40512335 -0.7069866 -0.4940727 -0.432295 -0.4155926 0.34504116 0.4617797 0.49317446 0.2998048 0.51206374 0.5264157 0.52969456 0.49301818 0.40985245 0.47389922 0.2774104 0.17314455 0.53713167 0.4273049 -0.40024382 -0.29447645 0.41115612 -0.25393975 -0.5891392 -0.56350774 0.03945195 0.41109765 -0.34299502 0.34962505 0.21650156 0.35106015 0.2615861 0.4200001 0.08287923 -0.021613143 -0.42624813 0.1335213 -0.36399627 -0.47017303 -0.6375046 
NaN NaN NaN NaN NaN NaN NaN NaN NaN NaN NaN NaN NaN NaN NaN NaN NaN NaN NaN 0.49450177 0.21695583 0.16099726 0.48633277 0.62118846 0.10236053 0.13345283 0.4378954 0.22301486 0.030330122 0.48508674 0.14891413 0.18052922 0.46195674 -0.09017704 0.605736 0.7763669 0.90150976 1.0 0.8254929 0.7590892 0.18612507 -0.22696854 -0.3032894 -0.16135046 0.2143424 -0.17804308 -0.20563829 0.17836706 0.36877832 -0.17750151 -0.3202863 -0.22911443 -0.13223891 0.55120194 0.54991966 0.49118948 0.48276767 0.45919484 0.43591902 0.33858204 -0.01938131 0.41745228 0.2604097 0.23810928 0.33418506 0.2496482 0.15198417 0.16430867 0.41721627 0.32773066 0.330074 0.29825246 0.30543777 0.0465381 -0.25786752 0.10528703 -0.34996933 -0.5730446 -0.44885248 -0.40800533 -0.41362333 0.16024809 0.27231747 0.29504055 0.09572132 0.3156588 0.32192102 0.3437922 0.29343396 0.16746421 0.25012365 0.15264237 0.11843146 0.32058492 0.25322148 -0.3457772 -0.28754497 0.25022057 -0.23778686 -0.49388483 -0.4717667 0.038723543 0.33127338 -0.27992004 0.17620344 0.0932665 0.17432109 0.1783852 0.2881851 -0.002082163 -0.101176254 -0.37776858 -0.015600411 -0.34221292 -0.44181883 -0.6043049 
NaN NaN NaN NaN NaN NaN NaN NaN NaN NaN NaN NaN NaN NaN NaN NaN NaN NaN NaN 0.4078417 -0.17706813 -0.23889269 0.1969418 0.42654285 -0.29156002 -0.2711471 0.118815765 -0.15705393 -0.35640934 0.21108362 -0.2777061 -0.2505249 0.11921181 -0.41320816 0.48103383 0.90683836 0.9177597 0.8254929 1.0 0.6411311 -0.16522963 -0.56991327 -0.58060807 -0.45517454 -0.08504912 -0.5449355 -0.559965 -0.12744865 0.08784208 -0.5055907 -0.63208145 -0.56782913 -0.5521567 0.25689867 0.76858354 0.7529832 0.7660929 0.74593216 0.75114816 0.5714194 -0.27563414 0.59147984 0.531131 0.56024635 0.6954572 0.6384893 0.5042501 0.4286055 0.75435203 0.6658609 0.6273486 0.58753365 0.6125748 -0.055001773 -0.29433852 0.34516633 -0.31224772 -0.70685726 -0.3360425 -0.31053546 -0.39627317 0.50196975 0.61408854 0.6301179 0.3990974 0.6373962 0.6452356 0.6428617 0.6148053 0.5160232 0.5868722 0.3268893 0.22504713 0.6311008 0.53324986 -0.4780986 -0.36032158 0.41904795 -0.38002917 -0.6975185 -0.6625057 -0.029707173 0.49996275 -0.31758112 0.52512324 0.41697544 0.53900445 0.3931059 0.4637468 0.03310638 -0.12314222 -0.56125873 0.033854324 -0.4992178 -0.5916374 -0.717794 
NaN NaN NaN NaN NaN NaN NaN NaN NaN NaN NaN NaN NaN NaN NaN NaN NaN NaN NaN 0.24657245 0.2605816 0.2294411 0.43802896 0.5050166 0.20264244 0.21087894 0.37798384 0.23519957 0.115899384 0.35724798 0.24391949 0.27850664 0.5752943 0.13026652 0.6532917 0.51626575 0.62939966 0.7590892 0.6411311 1.0 0.45938107 0.011771838 -0.0698043 0.0887964 0.34653533 0.020878037 -0.008027924 0.4501416 0.5356944 0.06867225 -0.118940346 -0.05110088 0.04628428 0.5023454 0.36761832 0.33998594 0.350021 0.30655092 0.29801238 0.18822338 0.09386933 0.39235482 0.31401134 0.2915364 0.29716653 0.1961866 0.13818899 0.19717062 0.3686823 0.36131614 0.40237147 0.41239992 0.3976444 0.32141277 0.037928924 0.2644748 -0.05035197 -0.32537535 -0.20198095 -0.20013684 -0.29217705 0.1302574 0.2021824 0.18479076 0.0033164234 0.20714691 0.20011994 0.23202157 0.18914552 0.04988183 0.15247051 0.17959152 0.18136492 0.18035394 0.20157188 -0.22995977 -0.22764055 0.13709341 -0.23693609 -0.40902072 -0.3945524 0.049388424 0.2935769 -0.24540356 0.029264195 0.060190845 0.11656773 0.17602703 0.23676875 -0.069812395 -0.1819734 -0.3658192 -0.22467633 -0.37226948 -0.46111912 -0.6047665 
NaN NaN NaN NaN NaN NaN NaN NaN NaN NaN NaN NaN NaN NaN NaN NaN NaN NaN NaN -0.07344069 0.60975796 0.672516 0.4244022 0.24036027 0.7186579 0.6795893 0.4101813 0.589779 0.6885215 0.31340453 0.742534 0.7380972 0.6090668 0.7566295 0.40956023 -0.20863439 -0.11483181 0.18612507 -0.16522963 0.45938107 1.0 0.8147979 0.77240175 0.8394052 0.70319957 0.79344743 0.80928165 0.884324 0.74859166 0.83032763 0.7551062 0.7578334 0.7679699 0.27474803 -0.39120346 -0.4298184 -0.43692568 -0.47274253 -0.5157796 -0.51075405 0.18728927 -0.34465572 -0.27739662 -0.30591428 -0.39530453 -0.45342913 -0.42859256 -0.30433193 -0.4189319 -0.34010944 -0.26163357 -0.2042377 -0.27095687 0.22842297 0.22916369 -0.21324499 0.100657254 0.28867033 0.08918838 -0.079139076 -0.16124754 -0.54517114 -0.5590215 -0.584738 -0.62584937 -0.5715425 -0.5678244 -0.51326555 -0.52862185 -0.59749794 -0.55838245 -0.3697308 -0.29933104 -0.5757822 -0.54914445 -0.014431941 -0.1587001 -0.5608382 -0.14029375 0.1258407 0.10131921 -0.19527395 -0.3810622 -0.03183107 -0.5360706 -0.4343353 -0.52155644 -0.3338049 -0.45091483 -0.40918496 -0.36560953 -0.04250464 -0.49406946 -0.13516156 -0.097797304 -0.06541132 
NaN NaN NaN NaN NaN NaN NaN NaN NaN NaN NaN NaN NaN NaN NaN NaN NaN NaN NaN -0.23916352 0.6217811 0.69897467 0.2850508 0.02918027 0.7629587 0.7046673 0.2589344 0.5536603 0.76434976 0.15869474 0.73933613 0.7121772 0.4123656 0.8529955 0.17159432 -0.54225546 -0.49633825 -0.22696854 -0.56991327 0.011771838 0.8147979 1.0 0.9572524 0.90547985 0.5215877 0.8953648 0.9383816 0.7677192 0.5350783 0.9089895 0.91291785 0.85991156 0.86792785 0.052173723 -0.6726075 -0.716163 -0.7286978 -0.7420817 -0.7663699 -0.6574138 0.22814411 -0.586966 -0.47247386 -0.5239541 -0.64691097 -0.647492 -0.5680046 -0.4524071 -0.69429505 -0.60511994 -0.52172875 -0.4705639 -0.55807555 0.13105947 0.23624696 -0.42236254 0.17057434 0.5371662 0.20902538 0.030726226 0.018077072 -0.6803682 -0.74922824 -0.77655053 -0.7066728 -0.7788122 -0.7741115 -0.73216105 -0.7345753 -0.7247822 -0.7461627 -0.5106967 -0.4120762 -0.7609616 -0.74336886 0.1391626 -0.008955862 -0.69774693 -0.011377939 0.36931393 0.3395563 -0.24490231 -0.59210503 0.13609856 -0.62761354 -0.5092234 -0.64539796 -0.44025508 -0.6037871 -0.38472158 -0.28726342 0.19606656 -0.41996905 0.090555936 0.17470062 0.30291244 
NaN NaN NaN NaN NaN NaN NaN NaN NaN NaN NaN NaN NaN NaN NaN NaN NaN NaN NaN -0.2674724 0.572763 0.6571102 0.22946317 -0.03071124 0.7271847 0.66493016 0.20633994 0.52066815 0.7464524 0.11656366 0.70167625 0.6639221 0.34251598 0.8397796 0.124082774 -0.56400675 -0.5502796 -0.3032894 -0.58060807 -0.0698043 0.77240175 0.9572524 1.0 0.94239753 0.5222666 0.90377307 0.9293017 0.72102135 0.49488255 0.91042274 0.93089277 0.8625905 0.82921106 -0.047724538 -0.68566275 -0.7213034 -0.7311857 -0.74213153 -0.7631925 -0.6914512 0.11186564 -0.6566455 -0.49464226 -0.52408266 -0.63540035 -0.6279393 -0.56514364 -0.46192417 -0.70753103 -0.61854994 -0.54953027 -0.48710653 -0.572024 0.033311587 0.17999026 -0.43211496 0.14333329 0.52525294 0.21743473 0.012710055 -0.04001474 -0.69109994 -0.7485147 -0.77324253 -0.7138316 -0.78605944 -0.7755413 -0.73772174 -0.7313305 -0.7129517 -0.74095666 -0.56412643 -0.47174868 -0.7621047 -0.760629 0.07950147 -0.07323124 -0.7555556 -0.08043694 0.33846685 0.30898017 -0.32174867 -0.6323915 0.123611204 -0.597816 -0.48428324 -0.6288185 -0.46291462 -0.6601797 -0.46165127 -0.3599985 0.1351848 -0.45773983 0.03191492 0.13857147 0.31034583 
NaN NaN NaN NaN NaN NaN NaN NaN NaN NaN NaN NaN NaN NaN NaN NaN NaN NaN NaN -0.16317779 0.5962246 0.67422056 0.31611773 0.075764515 0.7367188 0.6960402 0.3296129 0.59197205 0.751146 0.2238534 0.73973507 0.70708877 0.43430057 0.78809226 0.16883904 -0.4703647 -0.425015 -0.16135046 -0.45517454 0.0887964 0.8394052 0.90547985 0.94239753 1.0 0.7026747 0.9199881 0.9091599 0.7982658 0.65061337 0.9195317 0.9054599 0.8865877 0.8256988 0.07619487 -0.5773346 -0.5963471 -0.60911405 -0.6359487 -0.6856059 -0.65405685 0.084412806 -0.57601523 -0.4703337 -0.47360972 -0.56293684 -0.59170896 -0.5605033 -0.44507846 -0.6202274 -0.52992034 -0.45922974 -0.3910316 -0.4493829 0.079831734 0.18539305 -0.36710608 0.08377066 0.4052682 0.13804567 -0.041610356 -0.14213109 -0.67633104 -0.7048045 -0.72197294 -0.7199362 -0.7282135 -0.7223385 -0.6729148 -0.6690374 -0.7039561 -0.6952857 -0.5293755 -0.45872167 -0.71373236 -0.7027065 -0.0064722584 -0.17119797 -0.7341514 -0.1323812 0.24737924 0.20680913 -0.3239696 -0.6022367 0.01807296 -0.6138157 -0.49983844 -0.6152217 -0.44442534 -0.6713123 -0.53589857 -0.4248497 0.011748571 -0.51831204 -0.08059024 0.014040184 0.1354896 
NaN NaN NaN NaN NaN NaN NaN NaN NaN NaN NaN NaN NaN NaN NaN NaN NaN NaN NaN 0.28851968 0.60944563 0.641769 0.5469252 0.4318965 0.6579416 0.69441426 0.6730242 0.7407023 0.6705892 0.5839364 0.7179178 0.72236204 0.600902 0.4402506 0.24229199 -0.11781163 0.0060166516 0.2143424 -0.08504912 0.34653533 0.70319957 0.5215877 0.5222666 0.7026747 1.0 0.73959124 0.6692417 0.6982697 0.7854447 0.6216055 0.59928125 0.70517874 0.62057227 0.4191039 -0.13301812 -0.13112396 -0.15994504 -0.19223158 -0.32704142 -0.38996723 0.053529087 -0.2539279 -0.36461627 -0.32965937 -0.33561406 -0.4595296 -0.5338909 -0.39174008 -0.3272242 -0.31349227 -0.27749863 -0.225477 -0.18323535 0.029198458 -0.035359446 -0.27479473 -0.24001068 -0.071375445 -0.27600512 -0.34389845 -0.46212593 -0.5877463 -0.48500896 -0.455989 -0.6081607 -0.46162274 -0.46857154 -0.40956125 -0.42306843 -0.5466254 -0.42451617 -0.36487308 -0.39450908 -0.4114779 -0.42692253 -0.2330305 -0.3949433 -0.48697838 -0.22671866 -0.041814428 -0.09925244 -0.28764936 -0.45082724 -0.30926007 -0.5932054 -0.55645186 -0.5116493 -0.40057325 -0.50038403 -0.5136449 -0.40572834 -0.22258528 -0.41570377 -0.24143447 -0.21313323 -0.2279774 
