1.0 0.93867385 0.83240104 0.6950117 0.51571953 -0.27672505 -0.28370786 -0.29822442 -0.36824635 -0.2817779 0.05053929 0.36453784 -0.0021663427 -0.3412064 0.32283843 0.46227238 0.38882047 0.095607065 0.29656473 0.12736894 -0.082236595 0.3888793 0.3770338 0.31958723 0.043161135 -0.39526382 -0.41505748 0.0140288 0.4504793 0.5447724 0.48111793 0.12680127 -0.29550698 -0.32954106 -0.36996374 -0.27637964 NaN NaN NaN NaN NaN NaN NaN NaN NaN NaN -0.15568414 -0.17603512 -0.25156417 -0.2961808 0.026831621 -0.42927253 -0.43728754 -0.1667745 -0.4705666 -0.4735774 0.07886261 0.44446877 -0.12978631 -0.45987388 -0.46571776 -0.492111 -0.48904616 -0.47373918 -0.44644508 -0.47546253 -0.24950336 0.5465386 0.56300336 0.52298206 0.44600603 0.12873775 -0.26383087 -0.5074398 -0.18423204 -0.05761786 -0.45152578 -0.49490386 -0.5047297 -0.49453408 -0.49064818 -0.08599708 -0.453754 -0.45115772 -0.0018001394 0.28702843 -0.22741899 0.11851621 0.43738043 0.4308227 0.37384605 
0.93867385 1.0 0.92495024 0.8039192 0.6295407 -0.29773673 -0.3232708 -0.34295896 -0.4097157 -0.27886066 0.10891734 0.4623061 0.0814523 -0.34297687 0.41669366 0.60313714 0.53504604 0.20578524 0.4270584 0.23631704 0.0045640254 0.51757616 0.512123 0.4332552 0.13691111 -0.40600097 -0.45595998 0.0905154 0.56805116 0.6509485 0.563071 0.15051009 -0.35429317 -0.3938506 -0.4631186 -0.3365748 NaN NaN NaN NaN NaN NaN NaN NaN NaN NaN -0.22007582 -0.24640697 -0.3120177 -0.33258793 0.030318636 -0.50742704 -0.52766156 -0.22804955 -0.56032723 -0.5606197 0.09244497 0.507542 -0.18455398 -0.5673261 -0.57142866 -0.6040005 -0.6004838 -0.57824165 -0.5411287 -0.5718616 -0.27523383 0.6548908 0.6795653 0.63422465 0.5552825 0.18205808 -0.313521 -0.6070041 -0.23398532 -0.0926699 -0.558994 -0.61209214 -0.6242045 -0.60552645 -0.6070458 -0.11667611 -0.5449487 -0.54073364 0.008396272 0.35926336 -0.22987409 0.18349665 0.5293707 0.5162952 0.42980224 
0.83240104 0.92495024 1.0 0.91858286 0.7438933 -0.4210687 -0.4323003 -0.44725266 -0.5178651 -0.3223716 0.18481837 0.6537582 0.14683291 -0.48741636 0.52925164 0.66653144 0.58610684 0.13883953 0.43054423 0.21788937 -0.059738237 0.62255245 0.591216 0.56066424 0.22141883 -0.5158475 -0.5822678 0.06655837 0.65379125 0.7871964 0.7024755 0.17041923 -0.43196434 -0.4718228 -0.5183912 -0.39193052 NaN NaN NaN NaN NaN NaN NaN NaN NaN NaN -0.31125072 -0.28273275 -0.3931168 -0.43426067 0.0032379495 -0.6172622 -0.62482023 -0.22974822 -0.6732587 -0.67024803 0.108290814 0.6246902 -0.13399448 -0.62292963 -0.6336293 -0.6524944 -0.6487183 -0.6384061 -0.61526334 -0.66639423 -0.28966826 0.799026 0.8141511 0.78587806 0.68511695 0.27802867 -0.24487837 -0.6568912 -0.1045465 0.05967683 -0.5821509 -0.63468605 -0.65317893 -0.6637007 -0.6354747 -0.00973669 -0.5910719 -0.6036491 0.09090719 0.4878445 -0.26436213 0.24690804 0.6249025 0.6138296 0.45434988 
0.6950117 0.8039192 0.91858286 1.0 0.912301 -0.32589257 -0.43109983 -0.46195868 -0.42641172 -0.12041008 0.45247552 0.8298755 0.39155048 -0.4647903 0.7169194 0.74961525 0.6705149 0.24281912 0.5042666 0.3448704 0.0010072901 0.71181345 0.66519004 0.69507337 0.37777984 -0.49210563 -0.6471484 0.20419684 0.7137273 0.7682091 0.70682937 0.2251763 -0.52284706 -0.5379393 -0.62838954 -0.51561046 NaN NaN NaN NaN NaN NaN NaN NaN NaN NaN -0.28172797 -0.2575491 -0.3882635 -0.49096525 0.04524847 -0.7266733 -0.7508909 -0.1719014 -0.78862536 -0.7601573 0.20181848 0.7122581 -0.047323365 -0.7390158 -0.7465869 -0.7533579 -0.7299049 -0.7291535 -0.69415057 -0.7403871 -0.15222318 0.8354895 0.8583131 0.8547124 0.7646479 0.42359176 -0.1514938 -0.7260041 0.024407985 0.21049118 -0.65856785 -0.67501324 -0.67084783 -0.7141566 -0.6386654 0.17146738 -0.5813521 -0.6141233 0.27403668 0.63817114 -0.21915418 0.3467884 0.59133035 0.564103 0.3710826 
0.51571953 0.6295407 0.7438933 0.912301 1.0 -0.16661406 -0.4151336 -0.46167836 -0.2583451 0.16178355 0.6662039 0.8501077 0.602146 -0.38058886 0.7744911 0.7388379 0.6474575 0.33414513 0.50411165 0.46833628 0.1059447 0.6541476 0.592826 0.67944455 0.4568284 -0.40339106 -0.63541293 0.31466368 0.64709985 0.5909696 0.5725771 0.2281307 -0.5854378 -0.5559291 -0.6895409 -0.6574834 NaN NaN NaN NaN NaN NaN NaN NaN NaN NaN -0.26406822 -0.23549269 -0.32478172 -0.43349108 0.11125371 -0.73123896 -0.7886259 -0.07354709 -0.7905199 -0.7034256 0.3073721 0.6812648 0.06788994 -0.786418 -0.798635 -0.78084934 -0.73879546 -0.7568162 -0.7203981 -0.7191321 0.11873003 0.7755245 0.74847853 0.7669132 0.7722179 0.56478864 -0.020771967 -0.68946755 0.16783501 0.34481677 -0.6558054 -0.5846081 -0.5481349 -0.6381703 -0.51959395 0.39207894 -0.40167838 -0.45046744 0.5158794 0.7543757 0.0038107396 0.5280186 0.55151117 0.48534903 0.29908764 
-0.27672505 -0.29773673 -0.4210687 -0.32589257 -0.16661406 1.0 0.8801105 0.8304103 0.8914833 0.6229098 0.15503669 -0.43141195 0.029743517 0.6891465 -0.3092807 -0.38471198 -0.31471887 0.14271796 -0.14699487 -0.055375233 0.08317566 -0.52322316 -0.5043068 -0.56323934 -0.46632874 0.19579478 0.28986803 -0.26406038 -0.5554001 -0.5930604 -0.53619915 -0.31564417 0.17530115 0.17110044 0.1522334 0.16994022 NaN NaN NaN NaN NaN NaN NaN NaN NaN NaN 0.15466225 -0.20497721 -0.054900523 -0.03559252 -0.37317672 0.18833652 0.18502049 -0.31032997 0.23410879 0.23862547 -0.3645377 -0.5754393 -0.28049612 0.32452115 0.4088935 0.3803159 0.39932856 0.44762447 0.50858116 0.5572158 0.16840018 -0.47974747 -0.5388533 -0.5687128 -0.5578055 -0.3666439 -0.0714643 0.4012861 -0.18840586 -0.26356778 0.32579124 0.3386115 0.39752692 0.5078051 0.46939903 -0.0707355 0.46903896 0.51579654 -0.03537711 -0.35165 0.26981872 -0.14406076 -0.40507397 -0.4269648 -0.32465386 
-0.28370786 -0.3232708 -0.4323003 -0.43109983 -0.4151336 0.8801105 1.0 0.9887144 0.80948514 0.31246465 -0.18362884 -0.57620466 -0.28620386 0.6181388 -0.50774634 -0.5048314 -0.4123576 -0.06657269 -0.26907519 -0.27434343 -0.07055346 -0.5660871 -0.5464592 -0.6405803 -0.5790942 0.14055917 0.3315172 -0.45194647 -0.61223555 -0.54334486 -0.51431054 -0.39553446 0.26661414 0.20026246 0.2944232 0.3935946 NaN NaN NaN NaN NaN NaN NaN NaN NaN NaN 0.16776451 -0.19485809 -0.08454078 -0.04080147 -0.45929518 0.29831654 0.35442075 -0.37907577 0.35326287 0.27195588 -0.54910517 -0.67180794 -0.38063267 0.518399 0.60543525 0.5590654 0.559812 0.627032 0.6814932 0.6738916 -0.0862206 -0.5434809 -0.56492656 -0.60837674 -0.65704215 -0.54037064 -0.10811579 0.5569849 -0.24816781 -0.3590024 0.5202922 0.4266993 0.44525313 0.59995824 0.49662846 -0.29589683 0.38321552 0.44667664 -0.32712984 -0.56970435 0.041642476 -0.3875656 -0.4478704 -0.4180531 -0.30523676 
-0.29822442 -0.34295896 -0.44725266 -0.46195868 -0.46167836 0.8304103 0.9887144 1.0 0.81798947 0.2883136 -0.2454226 -0.6041793 -0.322288 0.6045344 -0.54621667 -0.53000116 -0.4342793 -0.10062586 -0.29830596 -0.30466494 -0.08537313 -0.58095753 -0.55754125 -0.6551954 -0.58548194 0.15125896 0.35022604 -0.47925776 -0.6304096 -0.55070734 -0.523786 -0.40507427 0.29387122 0.22391039 0.3387656 0.4294077 NaN NaN NaN NaN NaN NaN NaN NaN NaN NaN 0.14757764 -0.1998887 -0.08883982 -0.034170177 -0.4720411 0.3215739 0.38798153 -0.38493755 0.3804826 0.29270008 -0.57165253 -0.69119453 -0.3863234 0.54979646 0.6298171 0.58520824 0.5855216 0.6514851 0.69873226 0.6907744 -0.11177694 -0.5594616 -0.5797428 -0.6225284 -0.6749171 -0.55940473 -0.10431871 0.5942281 -0.24052274 -0.3617368 0.57029086 0.46772304 0.47881547 0.6346262 0.52022403 -0.3119382 0.39638695 0.46008107 -0.35085294 -0.5936324 0.039944734 -0.4024303 -0.45570084 -0.42385438 -0.30906814 
-0.36824635 -0.4097157 -0.5178651 -0.42641172 -0.2583451 0.8914833 0.80948514 0.81798947 1.0 0.73520654 0.15029953 -0.46052942 0.060694158 0.71141374 -0.3334496 -0.43105623 -0.34507954 0.14386706 -0.16875559 -0.057079818 0.1021724 -0.5692596 -0.5445926 -0.5970278 -0.44506755 0.278163 0.349485 -0.26517 -0.6143982 -0.6595942 -0.58785397 -0.2465443 0.2601208 0.2763641 0.2547844 0.21638332 NaN NaN NaN NaN NaN NaN NaN NaN NaN NaN 0.11210142 -0.2039097 -0.04164096 -0.030087488 -0.39724353 0.20617512 0.21293612 -0.30163953 0.2683951 0.2900976 -0.40149134 -0.6402029 -0.2729181 0.35483223 0.41911146 0.40955973 0.43372563 0.4616196 0.50227267 0.57532096 0.19768874 -0.5304487 -0.6045864 -0.62716854 -0.61116964 -0.39132372 -0.042015806 0.45279455 -0.14758678 -0.22513102 0.4103081 0.43312567 0.48691162 0.5834521 0.5488175 -0.02334396 0.5559542 0.60079646 0.0030919446 -0.36094278 0.34265864 -0.11438984 -0.43943378 -0.4695116 -0.36165038 
-0.2817779 -0.27886066 -0.3223716 -0.12041008 0.16178355 0.6229098 0.31246465 0.2883136 0.73520654 1.0 0.6154818 0.014402945 0.60368717 0.47941425 0.16906434 -0.02421672 0.030222304 0.43408066 0.12645139 0.3266899 0.32457414 -0.16922541 -0.17377175 -0.16563804 -0.008836434 0.20375712 0.06702592 0.13448545 -0.24985953 -0.42164522 -0.36147016 -0.05851423 -0.096176684 -0.0114138955 -0.15576209 -0.26990125 NaN NaN NaN NaN NaN NaN NaN NaN NaN NaN -0.10931258 -0.22310412 -0.08522543 -0.10863983 -0.18212576 -0.1388355 -0.18900308 -0.10267945 -0.09540591 0.05307559 -0.006760605 -0.24237595 -0.043121256 -0.10745737 -0.08834818 -0.046906374 -0.0021118675 -0.022553885 0.0075511434 0.12366492 0.4532401 -0.19805053 -0.258581 -0.2420705 -0.16798325 0.058187433 0.07900174 0.06609934 0.03337314 0.04388508 0.020215921 0.15513399 0.23517755 0.22625175 0.29993546 0.32943457 0.4716614 0.46925217 0.46331006 0.15568918 0.6076711 0.34887707 -0.18452057 -0.2859054 -0.24783619 
0.05053929 0.10891734 0.18481837 0.45247552 0.6662039 0.15503669 -0.18362884 -0.2454226 0.15029953 0.6154818 1.0 0.66500306 0.80710614 0.02772382 0.7217627 0.45777017 0.4453638 0.46461397 0.4261975 0.4623979 0.18468232 0.35066217 0.28569093 0.38714814 0.33965185 -0.10542977 -0.3688901 0.33144262 0.28390098 0.15668468 0.19471024 0.26523778 -0.37190333 -0.29541594 -0.51187575 -0.51710355 NaN NaN NaN NaN NaN NaN NaN NaN NaN NaN -0.11881669 -0.17473878 -0.21657883 -0.38349858 -0.006521341 -0.59240365 -0.64871186 -0.018136436 -0.6085514 -0.475102 0.1964588 0.30148125 0.06460489 -0.60464627 -0.59634054 -0.55076313 -0.49223298 -0.5410707 -0.49518988 -0.45282426 0.34485236 0.39250788 0.34964013 0.38369858 0.41083845 0.40741974 0.084877096 -0.4967594 0.15957108 0.34640387 -0.45100042 -0.3310303 -0.25316828 -0.34807587 -0.19272004 0.52113974 -0.055474013 -0.11136756 0.61499476 0.59954375 0.22149453 0.4749846 0.22782545 0.1517053 0.04738753 
0.36453784 0.4623061 0.6537582 0.8298755 0.8501077 -0.43141195 -0.57620466 -0.6041793 -0.46052942 0.014402945 0.66500306 1.0 0.63998765 -0.53855354 0.87526214 0.7532555 0.67126626 0.23652738 0.47467515 0.38343152 0.010131166 0.7659607 0.6953569 0.82353175 0.5822855 -0.4755885 -0.7242727 0.32202244 0.7287299 0.72372985 0.70431775 0.30830497 -0.6009578 -0.5865957 -0.6936953 -0.6206137 NaN NaN NaN NaN NaN NaN NaN NaN NaN NaN -0.31014207 -0.18249297 -0.35014206 -0.49490222 0.13692816 -0.7976316 -0.8263354 0.008505447 -0.8582312 -0.7838916 0.3034465 0.73659724 0.09656419 -0.8114486 -0.82316285 -0.7871571 -0.7474609 -0.78512836 -0.7681557 -0.8027836 0.060472608 0.8352998 0.84401053 0.882945 0.86029947 0.6184797 0.058616925 -0.7334208 0.2853768 0.49601662 -0.64473605 -0.5890815 -0.568506 -0.69230247 -0.55540204 0.474712 -0.4726839 -0.5468954 0.53887886 0.8432601 -0.07094107 0.5339877 0.61294496 0.5711045 0.34736508 
-0.0021663427 0.0814523 0.14683291 0.39155048 0.602146 0.029743517 -0.28620386 -0.322288 0.060694158 0.60368717 0.80710614 0.63998765 1.0 -0.002818356 0.7194829 0.51261675 0.5208575 0.53025454 0.44481462 0.57929134 0.37946182 0.49379936 0.47751483 0.5434265 0.592329 -0.01090953 -0.32319736 0.5112359 0.38573813 0.17749342 0.16662295 0.13762784 -0.46472484 -0.3923308 -0.59455967 -0.64216924 NaN NaN NaN NaN NaN NaN NaN NaN NaN NaN -0.34666613 -0.25918785 -0.25582767 -0.30181924 0.047580943 -0.56363314 -0.62121874 0.06314093 -0.5629678 -0.39581802 0.3256952 0.34725857 0.1058537 -0.6221938 -0.6306 -0.57711035 -0.5265789 -0.5742495 -0.5475544 -0.4801849 0.37489524 0.3384977 0.35830474 0.42042086 0.48057047 0.5165005 0.12149869 -0.4502773 0.21755706 0.30580324 -0.45513996 -0.31249514 -0.25155145 -0.3514425 -0.20691244 0.5400509 0.016402412 -0.04393535 0.7013172 0.6941802 0.44798788 0.6491549 0.25179183 0.13571912 0.03516063 
-0.3412064 -0.34297687 -0.48741636 -0.4647903 -0.38058886 0.6891465 0.6181388 0.6045344 0.71141374 0.47941425 0.02772382 -0.53855354 -0.002818356 1.0 -0.28601196 -0.28109685 -0.1539116 0.48091167 0.091412015 0.16915907 0.4321891 -0.37306526 -0.3032762 -0.49159855 -0.29109454 0.6109203 0.6789012 0.015554656 -0.45744956 -0.5636562 -0.5561615 -0.104542404 0.58506876 0.58806974 0.4103428 0.4280827 NaN NaN NaN NaN NaN NaN NaN NaN NaN NaN 0.18148646 -0.18964379 -0.017365048 0.10007019 -0.370082 0.34881878 0.32707667 -0.36933282 0.39048156 0.36117426 -0.40252042 -0.65967816 -0.4256172 0.34654844 0.40353915 0.33736843 0.32421544 0.37799293 0.4432231 0.5207663 -0.016750721 -0.5689305 -0.5690086 -0.6070009 -0.6559713 -0.5625305 -0.35382375 0.28128982 -0.502231 -0.60704637 0.21506983 0.17292246 0.20465516 0.3802791 0.2644499 -0.3711969 0.32287174 0.41449866 -0.26569307 -0.51871574 0.20766135 -0.25795743 -0.48074612 -0.4977599 -0.37479123 
0.32283843 0.41669366 0.52925164 0.7169194 0.7744911 -0.3092807 -0.50774634 -0.54621667 -0.3334496 0.16906434 0.7217627 0.87526214 0.7194829 -0.28601196 1.0 0.76040673 0.68185616 0.495401 0.5955527 0.5867791 0.23144326 0.7696409 0.6914357 0.7799197 0.6073542 -0.28610456 -0.585981 0.47137192 0.7070687 0.6186645 0.60535073 0.3790497 -0.5184934 -0.48504242 -0.69715214 -0.6220719 NaN NaN NaN NaN NaN NaN NaN NaN NaN NaN -0.2251617 -0.14699239 -0.30454323 -0.4460782 0.1350175 -0.7667725 -0.813162 2.9985682E-4 -0.81295484 -0.70985967 0.34609565 0.67470706 0.08911847 -0.81584376 -0.8295724 -0.79972816 -0.7569116 -0.79704523 -0.764695 -0.7804308 0.06892773 0.70157266 0.74466795 0.78036875 0.75313663 0.5614371 0.01058625 -0.727934 0.16887371 0.35889268 -0.67385906 -0.62684673 -0.5982385 -0.70422286 -0.57843745 0.37360507 -0.45356345 -0.50733805 0.50797796 0.7648926 -0.009362102 0.50635207 0.51756775 0.46605575 0.2976227 
0.46227238 0.60313714 0.66653144 0.74961525 0.7388379 -0.38471198 -0.5048314 -0.53000116 -0.43105623 -0.02421672 0.45777017 0.7532555 0.51261675 -0.28109685 0.76040673 1.0 0.89463335 0.5821782 0.7802503 0.65736485 0.35972524 0.8752594 0.85692835 0.81454945 0.64743274 -0.22837017 -0.49891987 0.49150285 0.8359418 0.73473084 0.6808313 0.35791704 -0.47230387 -0.4702216 -0.6631121 -0.5567409 NaN NaN NaN NaN NaN NaN NaN NaN NaN NaN -0.38006374 -0.3341129 -0.42047545 -0.4297806 0.05047996 -0.71933573 -0.76368964 -0.19059123 -0.77308005 -0.7084576 0.23622262 0.6193743 -0.07418791 -0.7947942 -0.81104267 -0.81245995 -0.790841 -0.79976666 -0.7673701 -0.7790614 -0.09391107 0.74844676 0.80914325 0.8107786 0.77909577 0.45778114 -0.19459563 -0.75619996 -0.04578163 0.075944856 -0.73008513 -0.7333191 -0.73552835 -0.7802269 -0.7345104 0.09101755 -0.5822478 -0.59279335 0.31516194 0.65480185 -0.022258734 0.53623366 0.649169 0.5830719 0.4203546 
0.38882047 0.53504604 0.58610684 0.6705149 0.6474575 -0.31471887 -0.4123576 -0.4342793 -0.34507954 0.030222304 0.4453638 0.67126626 0.5208575 -0.1539116 0.68185616 0.89463335 1.0 0.65043557 0.8743738 0.7156437 0.45902586 0.8598463 0.8554883 0.7676496 0.640084 -0.116940536 -0.38735795 0.50145787 0.772107 0.6607358 0.5816842 0.3072368 -0.37467682 -0.38586923 -0.6047671 -0.4529941 NaN NaN NaN NaN NaN NaN NaN NaN NaN NaN -0.38420781 -0.3690977 -0.4449518 -0.43887088 -0.02884042 -0.67022866 -0.70180905 -0.2479569 -0.717077 -0.6758579 0.12456322 0.49333894 -0.15959767 -0.722065 -0.7283256 -0.7422971 -0.73073906 -0.7316912 -0.69680506 -0.71936977 -0.19715406 0.6222846 0.71221924 0.7217137 0.6699688 0.35001868 -0.23727673 -0.7016198 -0.15821524 -0.040772423 -0.681089 -0.7268368 -0.73672414 -0.74680245 -0.7300389 -0.026876274 -0.58144855 -0.5836368 0.1986284 0.5297493 -0.048890293 0.4279317 0.5406638 0.48094705 0.35068297 
0.095607065 0.20578524 0.13883953 0.24281912 0.33414513 0.14271796 -0.06657269 -0.10062586 0.14386706 0.43408066 0.46461397 0.23652738 0.53025454 0.48091167 0.495401 0.5821782 0.65043557 1.0 0.8218139 0.88301086 0.8451664 0.5148843 0.5264156 0.36907065 0.42333853 0.33441496 0.08066704 0.51876235 0.3453634 0.13917994 0.08980891 0.21723588 0.011441573 0.03673425 -0.31480718 -0.23621553 NaN NaN NaN NaN NaN NaN NaN NaN NaN NaN -0.15623906 -0.2795843 -0.22244985 -0.1519109 -0.081524156 -0.30059603 -0.3799694 -0.31537253 -0.33905843 -0.27308208 0.023294969 0.07481733 -0.28467327 -0.4463056 -0.43618932 -0.47075182 -0.4657324 -0.44971028 -0.37897095 -0.30907357 -0.0021638991 0.16891854 0.23765135 0.2316512 0.19512805 0.088932 -0.3134224 -0.41038778 -0.3516764 -0.33084786 -0.48844248 -0.50365156 -0.4918385 -0.44175917 -0.49239507 -0.19334649 -0.27819836 -0.22462094 0.08042616 0.17910141 0.17653014 0.26880747 0.13025306 0.054275136 0.031771485 
0.29656473 0.4270584 0.43054423 0.5042666 0.50411165 -0.14699487 -0.26907519 -0.29830596 -0.16875559 0.12645139 0.4261975 0.47467515 0.44481462 0.091412015 0.5955527 0.7802503 0.8743738 0.8218139 1.0 0.84568995 0.6668349 0.7301612 0.71981156 0.5967856 0.5106446 0.080171295 -0.16995 0.472387 0.60393167 0.47561672 0.41733822 0.33984712 -0.12817998 -0.13023551 -0.4392121 -0.2777202 NaN NaN NaN NaN NaN NaN NaN NaN NaN NaN -0.2222647 -0.29678065 -0.3400476 -0.3305406 -0.057835978 -0.5047399 -0.55845565 -0.32363167 -0.5782094 -0.5615125 -0.012461187 0.2884353 -0.28545856 -0.6097666 -0.5912362 -0.62006825 -0.61172634 -0.61232746 -0.5610349 -0.55657095 -0.19222951 0.45316502 0.52353173 0.5149459 0.461394 0.16521661 -0.3255555 -0.6259116 -0.29633135 -0.20781425 -0.6333208 -0.6951736 -0.70878136 -0.6843148 -0.71612 -0.19876048 -0.5736808 -0.5440439 0.024596822 0.30292103 -0.1010732 0.27264273 0.3893233 0.34379146 0.26142848 
0.12736894 0.23631704 0.21788937 0.3448704 0.46833628 -0.055375233 -0.27434343 -0.30466494 -0.057079818 0.3266899 0.4623979 0.38343152 0.57929134 0.16915907 0.5867791 0.65736485 0.7156437 0.88301086 0.84568995 1.0 0.8725343 0.65960413 0.6433483 0.5753296 0.60636586 0.21405926 -0.12423406 0.59102726 0.51914066 0.27844366 0.24909487 0.2891494 -0.18807517 -0.14176515 -0.4702519 -0.4446659 NaN NaN NaN NaN NaN NaN NaN NaN NaN NaN -0.15681553 -0.13583104 -0.13022485 -0.09422985 0.13428797 -0.37307137 -0.46849477 -0.13061506 -0.45586032 -0.3719408 0.2119193 0.30046746 -0.09883167 -0.57723296 -0.58786225 -0.5890517 -0.5748745 -0.582831 -0.5377326 -0.4667947 0.12289506 0.3395872 0.39534175 0.4075502 0.4132786 0.32540676 -0.16517712 -0.47515735 -0.11999209 -0.102495596 -0.5582856 -0.5308514 -0.5315895 -0.55675006 -0.5758219 -0.05637706 -0.36326507 -0.3350666 0.20379487 0.35620856 0.15385751 0.4111298 0.27742872 0.18923248 0.124279626 
-0.082236595 0.0045640254 -0.059738237 0.0010072901 0.1059447 0.08317566 -0.07055346 -0.08537313 0.1021724 0.32457414 0.18468232 0.010131166 0.37946182 0.4321891 0.23144326 0.35972524 0.45902586 0.8451664 0.6668349 0.8725343 1.0 0.40811282 0.4388603 0.2925308 0.42069054 0.43480292 0.20436242 0.5011271 0.23446639 -0.00961299 -0.06127199 0.09723133 0.07645692 0.11029288 -0.17821853 -0.18192968 NaN NaN NaN NaN NaN NaN NaN NaN NaN NaN -0.12530215 -0.11873493 0.0017712004 0.14936993 0.07059447 -0.015178082 -0.10993698 -0.15612242 -0.08149409 -0.030451447 0.0912892 -0.007740091 -0.184414 -0.2544109 -0.25928092 -0.27874145 -0.28861442 -0.27009562 -0.23553082 -0.13914402 0.08367989 -0.0105101485 0.062210888 0.065974504 0.0742819 0.07323277 -0.22862755 -0.16971913 -0.24608144 -0.34238413 -0.31248206 -0.30402964 -0.3151487 -0.2778259 -0.36811998 -0.2597844 -0.16429727 -0.106007144 -0.0134640895 0.033143595 0.23311 0.22007653 -0.0025163505 -0.082607314 -0.07491869 
0.3888793 0.51757616 0.62255245 0.71181345 0.6541476 -0.52322316 -0.5660871 -0.58095753 -0.5692596 -0.16922541 0.35066217 0.7659607 0.49379936 -0.37306526 0.7696409 0.8752594 0.8598463 0.5148843 0.7301612 0.65960413 0.40811282 1.0 0.9203871 0.89536303 0.74962157 -0.22208442 -0.4992124 0.5143286 0.8504513 0.76208794 0.6739526 0.27050382 -0.47630864 -0.49083778 -0.6621052 -0.5224532 NaN NaN NaN NaN NaN NaN NaN NaN NaN NaN -0.3823169 -0.22814097 -0.34832788 -0.35739684 0.13514206 -0.66177744 -0.6934279 -0.07563358 -0.73568 -0.70329434 0.271826 0.6759306 -0.021303793 -0.75199276 -0.7705493 -0.76467454 -0.7551645 -0.76741314 -0.7501177 -0.7905454 -0.16354547 0.70933384 0.8278978 0.85723734 0.81347543 0.52326995 -0.09097305 -0.6916862 0.049100302 0.139032 -0.6857959 -0.7201385 -0.7462837 -0.8092215 -0.78266734 0.044633355 -0.6695675 -0.6921485 0.21568581 0.6131437 -0.12971976 0.4217975 0.57426935 0.5302197 0.36816767 
0.3770338 0.512123 0.591216 0.66519004 0.592826 -0.5043068 -0.5464592 -0.55754125 -0.5445926 -0.17377175 0.28569093 0.6953569 0.47751483 -0.3032762 0.6914357 0.85692835 0.8554883 0.5264156 0.71981156 0.6433483 0.4388603 0.9203871 1.0 0.92963076 0.79377 -0.07539711 -0.37713683 0.5809674 0.86756665 0.7615675 0.67829925 0.32231376 -0.4178388 -0.4274525 -0.61205614 -0.49880713 NaN NaN NaN NaN NaN NaN NaN NaN NaN NaN -0.3481647 -0.1803289 -0.27024004 -0.25849992 0.19071475 -0.5646778 -0.61053467 -0.063067056 -0.6562005 -0.6355648 0.25321004 0.622895 -0.075731464 -0.73156697 -0.75370127 -0.7597424 -0.74821615 -0.7521942 -0.7361143 -0.75558585 -0.1987728 0.64284754 0.7541357 0.7695735 0.72069067 0.4135641 -0.18875189 -0.6831788 -0.024728734 0.03920207 -0.6858406 -0.7176292 -0.7445769 -0.78945386 -0.78902876 -0.017834518 -0.6552864 -0.6651305 0.16367422 0.55767107 -0.11898708 0.4129343 0.5549624 0.5078322 0.33919102 
0.31958723 0.4332552 0.56066424 0.69507337 0.67944455 -0.56323934 -0.6405803 -0.6551954 -0.5970278 -0.16563804 0.38714814 0.82353175 0.5434265 -0.49159855 0.7799197 0.81454945 0.7676496 0.36907065 0.5967856 0.5753296 0.2925308 0.89536303 0.92963076 1.0 0.8622233 -0.18648456 -0.52701336 0.58335257 0.86857367 0.7490602 0.6988365 0.3448618 -0.5357708 -0.52464026 -0.68362427 -0.6123504 NaN NaN NaN NaN NaN NaN NaN NaN NaN NaN -0.27487752 -0.038062647 -0.18995725 -0.25074172 0.3297833 -0.6199774 -0.66871536 0.13090792 -0.7136699 -0.66915023 0.40220976 0.75927484 0.13338074 -0.7793708 -0.80779845 -0.78211963 -0.7532227 -0.78069246 -0.77815706 -0.80502087 -0.032563996 0.69936424 0.7781508 0.82492536 0.8253145 0.6075552 0.023279177 -0.67665756 0.24778058 0.3318944 -0.67047364 -0.6429244 -0.6603715 -0.77685356 -0.71107465 0.24404661 -0.6038998 -0.6546961 0.3435407 0.7028711 -0.13312212 0.4587611 0.5473959 0.502588 0.30737758 
0.043161135 0.13691111 0.22141883 0.37777984 0.4568284 -0.46632874 -0.5790942 -0.58548194 -0.44506755 -0.008836434 0.33965185 0.5822855 0.592329 -0.29109454 0.6073542 0.64743274 0.640084 0.42333853 0.5106446 0.60636586 0.42069054 0.74962157 0.79377 0.8622233 1.0 0.19609666 -0.21938916 0.72596747 0.66806334 0.41806605 0.3765426 0.27343398 -0.40415823 -0.36177596 -0.5450623 -0.55932593 NaN NaN NaN NaN NaN NaN NaN NaN NaN NaN -0.2206236 0.084090084 -0.001679068 -0.013078313 0.4224383 -0.34963244 -0.4012405 0.33401012 -0.4500916 -0.40653983 0.43283722 0.55961907 0.24232122 -0.6041217 -0.6574031 -0.61560524 -0.5808681 -0.6260838 -0.6406216 -0.62871057 0.122849815 0.40305516 0.4697491 0.5423988 0.6263678 0.60606635 0.16954361 -0.43661058 0.33481508 0.31473956 -0.4878754 -0.41505268 -0.43937632 -0.5715385 -0.5200823 0.2743477 -0.39178303 -0.44966534 0.33755314 0.5346491 -0.002060959 0.38443545 0.26842722 0.20281321 0.071404636 
-0.39526382 -0.40600097 -0.5158475 -0.49210563 -0.40339106 0.19579478 0.14055917 0.15125896 0.278163 0.20375712 -0.10542977 -0.4755885 -0.01090953 0.6109203 -0.28610456 -0.22837017 -0.116940536 0.33441496 0.080171295 0.21405926 0.43480292 -0.22208442 -0.07539711 -0.18648456 0.19609666 1.0 0.8562986 0.35479736 -0.23990773 -0.47643822 -0.46204126 0.1449542 0.5998352 0.64511627 0.4492998 0.34537277 NaN NaN NaN NaN NaN NaN NaN NaN NaN NaN 0.32160136 0.26648495 0.39820945 0.4764738 0.13978545 0.576869 0.52579314 0.116707385 0.51062655 0.44031903 -0.08170227 -0.40593538 -0.07319825 0.27577502 0.24945636 0.20343646 0.19730954 0.21340126 0.21268839 0.28711095 0.01413855 -0.5158494 -0.5264237 -0.52568513 -0.49206743 -0.33344507 -0.18209963 0.21308409 -0.26052183 -0.40671074 0.12132683 0.12947702 0.1304989 0.1973111 0.08187771 -0.30795774 0.120342866 0.17602006 -0.2860716 -0.4634735 0.024386534 -0.2853893 -0.4856156 -0.4957068 -0.40629396 
-0.41505748 -0.45595998 -0.5822678 -0.6471484 -0.63541293 0.28986803 0.3315172 0.35022604 0.349485 0.06702592 -0.3688901 -0.7242727 -0.32319736 0.6789012 -0.585981 -0.49891987 -0.38735795 0.08066704 -0.16995 -0.12423406 0.20436242 -0.4992124 -0.37713683 -0.52701336 -0.21938916 0.8562986 1.0 0.12550434 -0.46281162 -0.59117013 -0.58313495 0.011817504 0.8063288 0.81659466 0.7279681 0.6405958 NaN NaN NaN NaN NaN NaN NaN NaN NaN NaN 0.37499765 0.20513937 0.37173232 0.48906457 -0.044721052 0.75397056 0.73418415 -0.02070185 0.73691463 0.62740475 -0.26658738 -0.62583125 -0.1903273 0.5566938 0.5509435 0.47494498 0.43807906 0.47839934 0.47462383 0.52831537 -0.13709569 -0.6801856 -0.6985275 -0.7232713 -0.74216914 -0.6147472 -0.29174656 0.39934716 -0.40343848 -0.56624854 0.3373902 0.3009226 0.30466393 0.43859035 0.2860848 -0.4489146 0.26077092 0.33592415 -0.47226873 -0.6953847 -0.017019749 -0.4756375 -0.58368707 -0.5559732 -0.42094743 
0.0140288 0.0905154 0.06655837 0.20419684 0.31466368 -0.26406038 -0.45194647 -0.47925776 -0.26517 0.13448545 0.33144262 0.32202244 0.5112359 0.015554656 0.47137192 0.49150285 0.50145787 0.51876235 0.472387 0.59102726 0.5011271 0.5143286 0.5809674 0.58335257 0.72596747 0.35479736 0.12550434 1.0 0.6280795 0.26698825 0.24546145 0.4952855 -0.13436036 -0.055782996 -0.3473993 -0.4201718 NaN NaN NaN NaN NaN NaN NaN NaN NaN NaN 0.058317333 0.22258544 0.21767454 0.2016779 0.48805007 -0.12761776 -0.23992282 0.359562 -0.19015433 -0.11875123 0.5648251 0.4663334 0.27252477 -0.49454036 -0.5562944 -0.5645245 -0.5579002 -0.57227707 -0.5625111 -0.5067798 0.09404883 0.17834178 0.23700725 0.28067762 0.34468523 0.33927184 -0.10267913 -0.46169603 0.012681152 -0.014557277 -0.55030096 -0.45745656 -0.4394331 -0.5130337 -0.48711404 0.092569366 -0.3101892 -0.32821068 0.22219172 0.3232427 0.06147637 0.29321554 0.126864 0.068617545 0.019721614 
0.4504793 0.56805116 0.65379125 0.7137273 0.64709985 -0.5554001 -0.61223555 -0.6304096 -0.6143982 -0.24985953 0.28390098 0.7287299 0.38573813 -0.45744956 0.7070687 0.8359418 0.772107 0.3453634 0.60393167 0.51914066 0.23446639 0.8504513 0.86756665 0.86857367 0.66806334 -0.23990773 -0.46281162 0.6280795 1.0 0.8956126 0.8735536 0.5898794 -0.43635204 -0.4242372 -0.6083612 -0.5424317 NaN NaN NaN NaN NaN NaN NaN NaN NaN NaN -0.19588342 -0.0647624 -0.19991228 -0.26476145 0.27889377 -0.6044649 -0.66773885 0.017707033 -0.6812185 -0.6424457 0.40946674 0.79116684 0.07332284 -0.7726529 -0.8140642 -0.83176655 -0.8258789 -0.8229142 -0.80904967 -0.8330142 -0.2189521 0.7210892 0.796757 0.7987794 0.7461921 0.40131417 -0.24313241 -0.7932933 -0.0258946 0.08643099 -0.7631658 -0.7536776 -0.76264524 -0.8229941 -0.7826249 0.06539283 -0.66154563 -0.6793741 0.24214725 0.63686043 -0.15767731 0.47319314 0.70408744 0.6727349 0.4967648 
0.5447724 0.6509485 0.7871964 0.7682091 0.5909696 -0.5930604 -0.54334486 -0.55070734 -0.6595942 -0.42164522 0.15668468 0.72372985 0.17749342 -0.5636562 0.6186645 0.73473084 0.6607358 0.13917994 0.47561672 0.27844366 -0.00961299 0.76208794 0.7615675 0.7490602 0.41806605 -0.47643822 -0.59117013 0.26698825 0.8956126 1.0 0.9687766 0.48120585 -0.42445776 -0.45400745 -0.53851473 -0.40728918 NaN NaN NaN NaN NaN NaN NaN NaN NaN NaN -0.2675408 -0.17559469 -0.3492901 -0.42135397 0.08175625 -0.64873403 -0.66331303 -0.15031022 -0.7135492 -0.71458536 0.18667765 0.7210516 -0.07317731 -0.6770566 -0.6971945 -0.7167887 -0.71870404 -0.70973486 -0.6996458 -0.7654949 -0.38999227 0.77416784 0.8529292 0.82800454 0.6970633 0.2573703 -0.27547124 -0.742237 -0.06947399 0.0852955 -0.6537419 -0.70095676 -0.7269979 -0.75613064 -0.7233399 0.0035460272 -0.6731631 -0.68883723 0.13201968 0.5868161 -0.2696885 0.37323257 0.79038215 0.7979318 0.5976676 
0.48111793 0.563071 0.7024755 0.70682937 0.5725771 -0.53619915 -0.51431054 -0.523786 -0.58785397 -0.36147016 0.19471024 0.70431775 0.16662295 -0.5561615 0.60535073 0.6808313 0.5816842 0.08980891 0.41733822 0.24909487 -0.06127199 0.6739526 0.67829925 0.6988365 0.3765426 -0.46204126 -0.58313495 0.24546145 0.8735536 0.9687766 1.0 0.59349984 -0.3930544 -0.4052824 -0.4965906 -0.40186548 NaN NaN NaN NaN NaN NaN NaN NaN NaN NaN -0.17940268 -0.11911601 -0.30409542 -0.4133553 0.09257413 -0.63100266 -0.6534466 -0.13810442 -0.70101756 -0.69753325 0.17746733 0.69583875 -0.046089027 -0.6568357 -0.6780094 -0.69567156 -0.6917772 -0.68559384 -0.67503613 -0.7291318 -0.33235326 0.74221814 0.78625727 0.75528294 0.63955 0.22497207 -0.26979306 -0.7286908 -0.036329348 0.13040055 -0.62909436 -0.64897555 -0.6670297 -0.70472026 -0.65719557 0.06858881 -0.6139991 -0.6287266 0.19035599 0.5995881 -0.25281104 0.40829983 0.8145831 0.8275582 0.632277 
0.12680127 0.15051009 0.17041923 0.2251763 0.2281307 -0.31564417 -0.39553446 -0.40507427 -0.2465443 -0.05851423 0.26523778 0.30830497 0.13762784 -0.104542404 0.3790497 0.35791704 0.3072368 0.21723588 0.33984712 0.2891494 0.09723133 0.27050382 0.32231376 0.3448618 0.27343398 0.1449542 0.011817504 0.4952855 0.5898794 0.48120585 0.59349984 1.0 0.18218116 0.24529581 -0.016080359 -0.06013449 NaN NaN NaN NaN NaN NaN NaN NaN NaN NaN 0.27403137 0.20463462 0.10267344 -0.09380659 0.20184277 -0.22017588 -0.29776648 0.029246364 -0.2804254 -0.29035357 0.19215052 0.36592183 0.061981875 -0.4039297 -0.4483794 -0.50286794 -0.50453943 -0.50098974 -0.4847383 -0.47330236 -0.20774007 0.30616102 0.26942053 0.23999614 0.16670585 -0.07659741 -0.38801956 -0.6063793 -0.21952999 -0.09431108 -0.5401295 -0.49265152 -0.46610916 -0.47687843 -0.43602675 0.021475786 -0.38396534 -0.36740497 0.1088009 0.2615678 -0.21496576 0.21046187 0.45028043 0.47744513 0.42050698 
-0.29550698 -0.35429317 -0.43196434 -0.52284706 -0.5854378 0.17530115 0.26661414 0.29387122 0.2601208 -0.096176684 -0.37190333 -0.6009578 -0.46472484 0.58506876 -0.5184934 -0.47230387 -0.37467682 0.011441573 -0.12817998 -0.18807517 0.07645692 -0.47630864 -0.4178388 -0.5357708 -0.40415823 0.5998352 0.8063288 -0.13436036 -0.43635204 -0.42445776 -0.3930544 0.18218116 1.0 0.98151886 0.8981528 0.8848071 NaN NaN NaN NaN NaN NaN NaN NaN NaN NaN 0.39951324 0.111484036 0.1940478 0.2117053 -0.23790805 0.5841042 0.5926888 -0.23662077 0.5925885 0.43667608 -0.42180637 -0.5720188 -0.2750742 0.55812764 0.57265586 0.45872253 0.40196246 0.44903487 0.4514054 0.45577842 -0.32814285 -0.5368473 -0.5696709 -0.60395306 -0.6928792 -0.71815443 -0.40586483 0.2511705 -0.47244707 -0.5351102 0.2626714 0.17219265 0.17961873 0.33972645 0.21510284 -0.45369965 0.11549482 0.19947259 -0.5254362 -0.66534686 -0.24851198 -0.5713348 -0.44594818 -0.369834 -0.26365975 
-0.32954106 -0.3938506 -0.4718228 -0.5379393 -0.5559291 0.17110044 0.20026246 0.22391039 0.2763641 -0.0114138955 -0.29541594 -0.5865957 -0.3923308 0.58806974 -0.48504242 -0.4702216 -0.38586923 0.03673425 -0.13023551 -0.14176515 0.11029288 -0.49083778 -0.4274525 -0.52464026 -0.36177596 0.64511627 0.81659466 -0.055782996 -0.4242372 -0.45400745 -0.4052824 0.24529581 0.98151886 1.0 0.8811952 0.80826586 NaN NaN NaN NaN NaN NaN NaN NaN NaN NaN 0.41334713 0.1740553 0.2699068 0.27071223 -0.16108668 0.59122676 0.5800275 -0.15022391 0.5981536 0.47865716 -0.3246888 -0.53495604 -0.17663065 0.53498524 0.5354226 0.43289888 0.3772056 0.41151506 0.4053386 0.43508384 -0.22592987 -0.5396657 -0.5869877 -0.61668426 -0.6845729 -0.66043884 -0.36217195 0.22715479 -0.43034595 -0.4880206 0.22522482 0.17392577 0.1854561 0.31780326 0.22063783 -0.38741845 0.15575013 0.23656496 -0.44935936 -0.62346286 -0.17944759 -0.5064866 -0.44770277 -0.38426727 -0.2786479 
-0.36996374 -0.4631186 -0.5183912 -0.62838954 -0.6895409 0.1522334 0.2944232 0.3387656 0.2547844 -0.15576209 -0.51187575 -0.6936953 -0.59455967 0.4103428 -0.69715214 -0.6631121 -0.6047671 -0.31480718 -0.4392121 -0.4702519 -0.17821853 -0.6621052 -0.61205614 -0.68362427 -0.5450623 0.4492998 0.7279681 -0.3473993 -0.6083612 -0.53851473 -0.4965906 -0.016080359 0.8981528 0.8811952 1.0 0.9068427 NaN NaN NaN NaN NaN NaN NaN NaN NaN NaN 0.29981217 0.13551632 0.25346738 0.2750605 -0.24052672 0.6859465 0.7360046 -0.12466851 0.72629416 0.57867813 -0.41307673 -0.62701356 -0.14431277 0.7516493 0.7399321 0.6479481 0.5812156 0.61189294 0.57461774 0.5728774 -0.25804558 -0.6187181 -0.66696954 -0.6946496 -0.75497943 -0.68838257 -0.21305783 0.49339515 -0.28663856 -0.37667537 0.53736246 0.4524394 0.45091656 0.5756195 0.4701332 -0.34173065 0.31947234 0.3832208 -0.48342967 -0.69144344 -0.17603977 -0.5922736 -0.5168091 -0.43675783 -0.3192994 
-0.27637964 -0.3365748 -0.39193052 -0.51561046 -0.6574834 0.16994022 0.3935946 0.4294077 0.21638332 -0.26990125 -0.51710355 -0.6206137 -0.64216924 0.4280827 -0.6220719 -0.5567409 -0.4529941 -0.23621553 -0.2777202 -0.4446659 -0.18192968 -0.5224532 -0.49880713 -0.6123504 -0.55932593 0.34537277 0.6405958 -0.4201718 -0.5424317 -0.40728918 -0.40186548 -0.06013449 0.8848071 0.80826586 0.9068427 1.0 NaN NaN NaN NaN NaN NaN NaN NaN NaN NaN 0.31099203 0.018596867 0.0860384 0.10888715 -0.36930987 0.5620061 0.62806714 -0.30719936 0.5878426 0.38530722 -0.57429624 -0.6336664 -0.3433747 0.6688046 0.7130837 0.60836583 0.5488172 0.610278 0.6135122 0.5501902 -0.44553107 -0.54005915 -0.5450798 -0.5839722 -0.69021523 -0.74770325 -0.3117487 0.3853528 -0.42914814 -0.48425734 0.42778233 0.2673599 0.26434642 0.43675604 0.30238977 -0.5015227 0.1016822 0.17262697 -0.6385334 -0.7349423 -0.3602291 -0.69631183 -0.4614205 -0.35646078 -0.2429458 
NaN NaN NaN NaN NaN NaN NaN NaN NaN NaN NaN NaN NaN NaN NaN NaN NaN NaN NaN NaN NaN NaN NaN NaN NaN NaN NaN NaN NaN NaN NaN NaN NaN NaN NaN NaN NaN NaN NaN NaN NaN NaN NaN NaN NaN NaN NaN NaN NaN NaN NaN NaN NaN NaN NaN NaN NaN NaN NaN NaN NaN NaN NaN NaN NaN NaN NaN NaN NaN NaN NaN NaN NaN NaN NaN NaN NaN NaN NaN NaN NaN NaN NaN NaN NaN NaN NaN NaN NaN NaN NaN 
NaN NaN NaN NaN NaN NaN NaN NaN NaN NaN NaN NaN NaN NaN NaN NaN NaN NaN NaN NaN NaN NaN NaN NaN NaN NaN NaN NaN NaN NaN NaN NaN NaN NaN NaN NaN NaN NaN NaN NaN NaN NaN NaN NaN NaN NaN NaN NaN NaN NaN NaN NaN NaN NaN NaN NaN NaN NaN NaN NaN NaN NaN NaN NaN NaN NaN NaN NaN NaN NaN NaN NaN NaN NaN NaN NaN NaN NaN NaN NaN NaN NaN NaN NaN NaN NaN NaN NaN NaN NaN NaN 
NaN NaN NaN NaN NaN NaN NaN NaN NaN NaN NaN NaN NaN NaN NaN NaN NaN NaN NaN NaN NaN NaN NaN NaN NaN NaN NaN NaN NaN NaN NaN NaN NaN NaN NaN NaN NaN NaN NaN NaN NaN NaN NaN NaN NaN NaN NaN NaN NaN NaN NaN NaN NaN NaN NaN NaN NaN NaN NaN NaN NaN NaN NaN NaN NaN NaN NaN NaN NaN NaN NaN NaN NaN NaN NaN NaN NaN NaN NaN NaN NaN NaN NaN NaN NaN NaN NaN NaN NaN NaN NaN 
NaN NaN NaN NaN NaN NaN NaN NaN NaN NaN NaN NaN NaN NaN NaN NaN NaN NaN NaN NaN NaN NaN NaN NaN NaN NaN NaN NaN NaN NaN NaN NaN NaN NaN NaN NaN NaN NaN NaN NaN NaN NaN NaN NaN NaN NaN NaN NaN NaN NaN NaN NaN NaN NaN NaN NaN NaN NaN NaN NaN NaN NaN NaN NaN NaN NaN NaN NaN NaN NaN NaN NaN NaN NaN NaN NaN NaN NaN NaN NaN NaN NaN NaN NaN NaN NaN NaN NaN NaN NaN NaN 
NaN NaN NaN NaN NaN NaN NaN NaN NaN NaN NaN NaN NaN NaN NaN NaN NaN NaN NaN NaN NaN NaN NaN NaN NaN NaN NaN NaN NaN NaN NaN NaN NaN NaN NaN NaN NaN NaN NaN NaN NaN NaN NaN NaN NaN NaN NaN NaN NaN NaN NaN NaN NaN NaN NaN NaN NaN NaN NaN NaN NaN NaN NaN NaN NaN NaN NaN NaN NaN NaN NaN NaN NaN NaN NaN NaN NaN NaN NaN NaN NaN NaN NaN NaN NaN NaN NaN NaN NaN NaN NaN 
NaN NaN NaN NaN NaN NaN NaN NaN NaN NaN NaN NaN NaN NaN NaN NaN NaN NaN NaN NaN NaN NaN NaN NaN NaN NaN NaN NaN NaN NaN NaN NaN NaN NaN NaN NaN NaN NaN NaN NaN NaN NaN NaN NaN NaN NaN NaN NaN NaN NaN NaN NaN NaN NaN NaN NaN NaN NaN NaN NaN NaN NaN NaN NaN NaN NaN NaN NaN NaN NaN NaN NaN NaN NaN NaN NaN NaN NaN NaN NaN NaN NaN NaN NaN NaN NaN NaN NaN NaN NaN NaN 
NaN NaN NaN NaN NaN NaN NaN NaN NaN NaN NaN NaN NaN NaN NaN NaN NaN NaN NaN NaN NaN NaN NaN NaN NaN NaN NaN NaN NaN NaN NaN NaN NaN NaN NaN NaN NaN NaN NaN NaN NaN NaN NaN NaN NaN NaN NaN NaN NaN NaN NaN NaN NaN NaN NaN NaN NaN NaN NaN NaN NaN NaN NaN NaN NaN NaN NaN NaN NaN NaN NaN NaN NaN NaN NaN NaN NaN NaN NaN NaN NaN NaN NaN NaN NaN NaN NaN NaN NaN NaN NaN 
NaN NaN NaN NaN NaN NaN NaN NaN NaN NaN NaN NaN NaN NaN NaN NaN NaN NaN NaN NaN NaN NaN NaN NaN NaN NaN NaN NaN NaN NaN NaN NaN NaN NaN NaN NaN NaN NaN NaN NaN NaN NaN NaN NaN NaN NaN NaN NaN NaN NaN NaN NaN NaN NaN NaN NaN NaN NaN NaN NaN NaN NaN NaN NaN NaN NaN NaN NaN NaN NaN NaN NaN NaN NaN NaN NaN NaN NaN NaN NaN NaN NaN NaN NaN NaN NaN NaN NaN NaN NaN NaN 
NaN NaN NaN NaN NaN NaN NaN NaN NaN NaN NaN NaN NaN NaN NaN NaN NaN NaN NaN NaN NaN NaN NaN NaN NaN NaN NaN NaN NaN NaN NaN NaN NaN NaN NaN NaN NaN NaN NaN NaN NaN NaN NaN NaN NaN NaN NaN NaN NaN NaN NaN NaN NaN NaN NaN NaN NaN NaN NaN NaN NaN NaN NaN NaN NaN NaN NaN NaN NaN NaN NaN NaN NaN NaN NaN NaN NaN NaN NaN NaN NaN NaN NaN NaN NaN NaN NaN NaN NaN NaN NaN 
NaN NaN NaN NaN NaN NaN NaN NaN NaN NaN NaN NaN NaN NaN NaN NaN NaN NaN NaN NaN NaN NaN NaN NaN NaN NaN NaN NaN NaN NaN NaN NaN NaN NaN NaN NaN NaN NaN NaN NaN NaN NaN NaN NaN NaN NaN NaN NaN NaN NaN NaN NaN NaN NaN NaN NaN NaN NaN NaN NaN NaN NaN NaN NaN NaN NaN NaN NaN NaN NaN NaN NaN NaN NaN NaN NaN NaN NaN NaN NaN NaN NaN NaN NaN NaN NaN NaN NaN NaN NaN NaN 
-0.15568414 -0.22007582 -0.31125072 -0.28172797 -0.26406822 0.15466225 0.16776451 0.14757764 0.11210142 -0.10931258 -0.11881669 -0.31014207 -0.34666613 0.18148646 -0.2251617 -0.38006374 -0.38420781 -0.15623906 -0.2222647 -0.15681553 -0.12530215 -0.3823169 -0.3481647 -0.27487752 -0.2206236 0.32160136 0.37499765 0.058317333 -0.19588342 -0.2675408 -0.17940268 0.27403137 0.39951324 0.41334713 0.29981217 0.31099203 NaN NaN NaN NaN NaN NaN NaN NaN NaN NaN 1.0 0.7667802 0.64666873 0.51630163 0.45597446 0.49793813 0.3917472 0.2724332 0.38434115 0.29939428 0.10033807 -0.087959 0.087723896 0.2032041 0.25802737 0.21536864 0.22102821 0.25110298 0.31569913 0.32574216 0.17334321 -0.21408264 -0.29151094 -0.32140988 -0.30741617 -0.20108624 -0.10412569 0.0649291 -0.13051458 -0.11417257 -0.035889756 -0.005795302 0.054384 0.05083894 -0.004240118 -0.2296825 -0.12654918 -0.08687001 -0.34199888 -0.41443092 -0.36939937 -0.42744997 -0.33510405 -0.28205344 -0.24188094 
-0.17603512 -0.24640697 -0.28273275 -0.2575491 -0.23549269 -0.20497721 -0.19485809 -0.1998887 -0.2039097 -0.22310412 -0.17473878 -0.18249297 -0.25918785 -0.18964379 -0.14699239 -0.3341129 -0.3690977 -0.2795843 -0.29678065 -0.13583104 -0.11873493 -0.22814097 -0.1803289 -0.038062647 0.084090084 0.26648495 0.20513937 0.22258544 -0.0647624 -0.17559469 -0.11911601 0.20463462 0.111484036 0.1740553 0.13551632 0.018596867 NaN NaN NaN NaN NaN NaN NaN NaN NaN NaN 0.7667802 1.0 0.8983647 0.75127304 0.8222587 0.52891976 0.42604706 0.7039648 0.40017837 0.37220043 0.4415997 0.17983197 0.45339954 0.14410631 0.10870327 0.122438245 0.12752649 0.103116885 0.09272257 0.11960406 0.29128212 -0.1426527 -0.180649 -0.16528238 -0.08275831 0.14251448 0.20027404 0.110592216 0.21874589 0.20771718 -5.7065225E-4 0.07134422 0.07940701 -0.055258732 -0.0747853 -0.07388134 -0.1730519 -0.1842373 -0.25381997 -0.26703173 -0.34480828 -0.35103437 -0.31971878 -0.27750576 -0.26646703 
