1.0 0.84223866 0.7304945 0.75115687 -0.17379677 -0.31300965 0.10416676 -0.23926783 0.3823008 0.6452004 0.425618 0.21127081 -0.23730788 -0.2524035 -0.25694385 -0.5077161 -0.49081033 0.15422626 0.4506966 0.11246348 -0.5076456 -0.5127125 -0.5011062 -0.51282483 -0.50676084 -0.49591973 -0.49618676 -0.50605315 -0.50950927 -0.48740318 -0.6103818 -0.60280436 -0.19921143 0.44223619 0.35696748 0.0780898 -0.5348427 -0.5306095 -0.48908645 -0.46038255 -0.51121765 -0.5137067 -0.49821228 -0.41571435 -0.08714413 0.028331257 0.44324046 0.33138272 -0.52156186 -0.4878936 -0.34188217 -0.13330981 NaN NaN -0.08118659 -0.33148015 -0.5971332 -0.33411738 -0.43916702 -0.041865837 0.4536926 0.53452355 0.5784297 0.566917 0.63372165 0.6359752 0.6801125 0.6830244 0.6209427 0.4453661 0.33933708 0.599192 0.6470866 0.6364471 0.49852705 0.506711 0.3908753 0.34502283 -0.23244125 -0.5327315 -0.5835592 -0.569837 -0.35019967 -0.5879354 -0.56391114 -0.16052455 -0.4998893 -0.58709455 -0.5463304 -0.54647154 -0.54674196 -0.55261046 -0.58897686 -0.3958525 -0.2344341 -0.09452801 -0.53138095 -0.5499271 -0.53739387 -0.53124946 -0.55674154 -0.55964917 -0.26058647 -0.5518928 -0.53398985 -0.5299103 -0.5412984 -0.11203816 0.22580366 -0.45599487 -0.25595152 0.31890526 -0.11909781 -0.11599878 -0.44098777 0.18336478 0.53026694 0.7879293 0.8950982 0.7765982 0.7206753 0.6086688 0.16291837 0.05502562 -0.0019459042 0.4207295 0.029530618 -0.45847523 -0.016266452 -0.2953114 -0.039563674 -0.32617062 -0.40430838 -0.24010822 -0.060674928 NaN 
0.84223866 1.0 0.9694339 0.8063098 -0.10316295 -0.29190895 0.061653722 -0.21890485 0.40611154 0.5433561 0.47384518 0.34016013 -0.057135046 -0.20244074 -0.2794951 -0.46498886 -0.4940665 0.27850756 0.43900654 0.19268577 -0.47602093 -0.5339205 -0.59363484 -0.56831545 -0.5539446 -0.5407853 -0.5705647 -0.5558572 -0.57673484 -0.51893365 -0.63757485 -0.6631458 -0.23807387 0.3981709 0.3667373 0.074766785 -0.487681 -0.5552573 -0.5164363 -0.47832796 -0.53379107 -0.5335839 -0.5126934 -0.41571856 0.030778032 0.17690015 0.38130885 0.22539692 -0.5316559 -0.49482623 -0.3478664 -0.14520808 NaN NaN -0.100090206 -0.34060037 -0.5984557 -0.41226685 -0.5441093 -0.063709386 0.39471057 0.5626924 0.5643422 0.57304573 0.54279405 0.4541458 0.5474548 0.5604608 0.6671321 0.56203395 0.4654376 0.6130938 0.58045226 0.5458683 0.528951 0.47787163 0.4408976 0.31863663 -0.11044142 -0.45466876 -0.5764933 -0.5946845 -0.47683895 -0.63468075 -0.6150873 -0.33693165 -0.5585607 -0.63926345 -0.6357162 -0.60461026 -0.60456204 -0.5717498 -0.58344203 -0.43897602 -0.27553472 -0.1864393 -0.61747164 -0.59406984 -0.58758026 -0.58695024 -0.6120754 -0.5932399 -0.38673878 -0.6276014 -0.6175503 -0.6049237 -0.59255236 -0.24168783 0.082362525 -0.49961436 -0.26313573 0.25113225 0.07707408 0.06647659 -0.31878996 0.36777854 0.6861202 0.8474239 0.76559246 0.86707896 0.7514201 0.63913536 0.3415437 0.078281045 0.03924711 0.4950808 0.15857638 -0.4237803 -0.12628411 -0.26678455 0.06828636 -0.17449817 -0.27107614 -0.07537397 0.1793618 NaN 
0.7304945 0.9694339 1.0 0.8111271 -0.04932587 -0.27975824 0.061676092 -0.19200584 0.4520338 0.5174929 0.5296392 0.45540592 0.07500637 -0.14375168 -0.25459886 -0.42845568 -0.46118554 0.39604488 0.47655773 0.29745615 -0.3989641 -0.54205436 -0.6067188 -0.59432423 -0.5831006 -0.5700834 -0.5941182 -0.5634002 -0.5967641 -0.5431419 -0.6380782 -0.6571307 -0.19687647 0.39820343 0.40153736 0.12591885 -0.41493285 -0.5726728 -0.5429831 -0.50285155 -0.55117095 -0.55121106 -0.53126967 -0.38704208 0.10220403 0.24477176 0.34600747 0.17884988 -0.5312631 -0.511212 -0.37106544 -0.18064882 NaN NaN -0.1439436 -0.36433804 -0.5933679 -0.3998524 -0.5740712 -0.06702423 0.35630733 0.5308544 0.50583655 0.5186214 0.45987684 0.34985086 0.45321235 0.46432093 0.62074286 0.5591464 0.4849069 0.5734898 0.5202877 0.48780707 0.5255141 0.46371222 0.47322345 0.33987895 0.019642964 -0.3656421 -0.53763247 -0.58581364 -0.47965312 -0.62732106 -0.6270184 -0.3656095 -0.51617897 -0.63828504 -0.6418977 -0.6112351 -0.6159945 -0.5674124 -0.5454621 -0.39100426 -0.22141302 -0.1528275 -0.6183881 -0.60003394 -0.5987284 -0.5973602 -0.6051011 -0.5870585 -0.38626638 -0.63736916 -0.64032835 -0.6290974 -0.6088486 -0.25819787 0.046629842 -0.5012164 -0.23367283 0.25098568 0.19243167 0.17988136 -0.24539329 0.4545826 0.7421829 0.8149278 0.66973895 0.8461399 0.73199606 0.6263675 0.40827522 0.10212153 0.06508075 0.53289497 0.24518426 -0.39851433 -0.14944144 -0.2299189 0.15077125 -0.079222016 -0.20164782 0.009642405 0.28144994 NaN 
0.75115687 0.8063098 0.8111271 1.0 0.063217245 -0.26892018 0.3412596 -0.10682998 0.7803532 0.89710045 0.80652535 0.64855355 0.045641363 -0.0140601285 -0.039811444 -0.51409197 -0.41137815 0.59070593 0.8100352 0.5486791 -0.32207614 -0.6280205 -0.48038462 -0.6463237 -0.6680234 -0.65893394 -0.5491493 -0.5196799 -0.54320276 -0.6521248 -0.70303464 -0.5714536 0.10209734 0.69913924 0.6380006 0.40120488 -0.3839539 -0.69448173 -0.6643695 -0.6266617 -0.64041 -0.6520093 -0.65327996 -0.3000713 0.08045881 0.16219693 0.5409667 0.4481341 -0.5590731 -0.6485189 -0.51609135 -0.28318715 NaN NaN -0.23905256 -0.49786338 -0.76228106 -0.16963607 -0.4031756 0.15504998 0.5753035 0.5467775 0.47571865 0.47997952 0.4577493 0.40426618 0.50099653 0.49662787 0.561026 0.39811122 0.30932698 0.52362645 0.5838299 0.62461376 0.5677932 0.60387933 0.5501271 0.57763577 -0.07085441 -0.5906844 -0.71150017 -0.74649924 -0.28998584 -0.7262918 -0.76966417 -0.044668294 -0.41127127 -0.7442765 -0.6489177 -0.73106825 -0.7412669 -0.766466 -0.7361834 -0.25253108 -0.060924612 0.10618257 -0.69578 -0.7876924 -0.7759371 -0.75184625 -0.7137646 -0.7589929 -0.1702083 -0.7294553 -0.73667836 -0.73009413 -0.74798995 0.07440333 0.44774652 -0.5464542 -0.18083231 0.5833112 0.041021712 0.06865249 -0.43627626 0.39749214 0.7255294 0.8420891 0.804006 0.8227209 0.85612196 0.7438095 0.28430647 0.2121069 0.102573745 0.67969525 0.19477524 -0.5913484 0.09573174 -0.25415945 0.18499166 -0.24642506 -0.40057164 -0.11646271 0.09731964 NaN 
-0.17379677 -0.10316295 -0.04932587 0.063217245 1.0 0.8814618 0.86979157 0.91682994 0.5182482 0.15845577 0.44645667 0.45424327 0.65407884 0.78852177 0.76460767 0.6285319 0.690782 0.2554993 0.088979274 0.30774668 0.67166996 0.48851654 0.5919639 0.49565834 0.44689414 0.44528225 0.5312925 0.6096534 0.54610735 0.45937487 0.45189196 0.50661796 0.2536493 -0.2068106 -0.18347059 -0.02519682 0.4098734 0.43158486 0.41926014 0.4080256 0.4695471 0.4457359 0.4330279 0.27293083 -0.22423606 -0.34473482 -0.35602072 -0.22654098 0.44780615 0.46032587 0.36949605 -0.04298199 NaN NaN -0.004673955 0.14441456 0.24349067 -0.03385199 -0.014872918 -0.36291382 -0.43547457 -0.5156778 -0.53658247 -0.5292266 -0.4849933 -0.43545887 -0.47515967 -0.4682961 -0.5232466 -0.5727847 -0.57237446 -0.54899746 -0.523871 -0.4821568 -0.5307171 -0.4727782 -0.4842715 -0.3683376 -0.31952053 -0.13265602 -0.016529929 -0.0028372002 -0.1272486 -0.0066912384 0.022871535 -0.1307592 -0.042327564 0.004262883 -0.0018329123 -0.045292765 -0.015286918 -0.011057724 -0.08018826 -0.112275705 -0.2843857 -0.28719738 -0.13956568 -0.039069295 -0.01828794 -0.03977997 -0.038555883 -0.023430806 -0.08274295 -0.0060194405 0.036217585 0.06317575 0.098302685 0.10633215 0.004768779 0.011939362 -0.0347811 -0.04322636 -0.07963859 -0.0068674204 0.17117177 -0.05759454 -0.18689299 -0.2189678 -0.19262229 -0.23391527 -0.17372316 -0.18070428 -0.16528518 -0.01453503 -0.03234533 -0.111048676 -0.15583402 -0.026768979 -0.015729588 -0.035054546 -0.083321564 -0.054224968 -0.02272665 -0.06347673 -0.20947313 NaN 
-0.31300965 -0.29190895 -0.27975824 -0.26892018 0.8814618 1.0 0.7339284 0.95728517 0.18936247 -0.13962504 0.1240307 0.13459304 0.555652 0.74904925 0.741967 0.8061122 0.81284535 -0.05698337 -0.23590058 0.008596289 0.6991152 0.7504292 0.74721795 0.76778066 0.7296107 0.7213933 0.7156814 0.7493531 0.71345204 0.73026204 0.66533685 0.61753196 0.02487147 -0.5272481 -0.52091926 -0.3419801 0.35131103 0.68334806 0.6734519 0.65114415 0.6772892 0.6570022 0.6578939 0.18428081 -0.43456683 -0.5393098 -0.59895736 -0.47422287 0.56607217 0.7135526 0.61305475 0.14229445 NaN NaN 0.16093343 0.37409824 0.50485325 -0.12869127 0.05024315 -0.50837505 -0.6376074 -0.6551767 -0.6133879 -0.6034992 -0.52760094 -0.45684192 -0.5337648 -0.5188204 -0.6217006 -0.6364862 -0.6299524 -0.6469445 -0.65012544 -0.63925976 -0.7040483 -0.6660587 -0.69002306 -0.62119615 -0.39853477 0.038385697 0.23568599 0.2924221 -0.0641123 0.26281622 0.34446773 -0.15777935 0.028495323 0.29030424 0.22134638 0.23341323 0.2768395 0.29741013 0.16996169 -0.123284 -0.37508315 -0.43472847 0.10514429 0.2788623 0.29905504 0.25410566 0.20104837 0.2551968 -0.10952423 0.25987315 0.31412575 0.3389924 0.37957853 -0.033983007 -0.24543165 0.16875961 -0.08144624 -0.35698113 -0.24027279 -0.19121942 0.24998705 -0.31261748 -0.50415653 -0.46692598 -0.3871231 -0.47707236 -0.45856348 -0.43898353 -0.30298552 -0.13186024 -0.095524356 -0.3841496 -0.29293147 0.19525161 -0.06609388 0.029672954 -0.2151144 -0.013972291 0.111197084 -0.038837157 -0.2643484 NaN 
0.10416676 0.061653722 0.061676092 0.3412596 0.86979157 0.7339284 1.0 0.8402459 0.74398136 0.5063118 0.65924066 0.56962985 0.51891696 0.73435265 0.7665724 0.40378666 0.5509348 0.38635468 0.3780829 0.4580115 0.53048635 0.28018808 0.5097399 0.31151876 0.2330515 0.22119337 0.36354953 0.4218875 0.37498203 0.22352922 0.19621804 0.3160817 0.27283332 0.053964987 0.007876794 0.09282629 0.18110181 0.16012369 0.15683472 0.14819211 0.20074664 0.16760734 0.14418587 0.08290644 -0.31930107 -0.40461427 -0.1371303 -0.008964526 0.20617472 0.1993011 0.15723819 -0.11287567 NaN NaN -0.08489291 -0.049553283 -0.057895295 -0.014079206 -0.017564822 -0.21744198 -0.13972276 -0.2687057 -0.2802869 -0.2752002 -0.2057925 -0.1501875 -0.17985423 -0.17285702 -0.27353245 -0.41303378 -0.45814425 -0.30356094 -0.2357942 -0.17853916 -0.30654302 -0.20432211 -0.2818507 -0.11542588 -0.40680638 -0.38225234 -0.2478303 -0.21187359 -0.052240614 -0.1755703 -0.16825795 0.045813624 -0.09813669 -0.18805672 -0.13816176 -0.2400433 -0.21917908 -0.2644119 -0.3396709 -0.14516039 -0.25006947 -0.1681451 -0.30824563 -0.29333028 -0.27251577 -0.27921903 -0.26326558 -0.28450805 -0.0488985 -0.21233146 -0.17162019 -0.14544404 -0.14145394 0.19230762 0.22115992 -0.17097907 -0.14536922 0.15449727 -0.27746442 -0.18256247 -0.11763738 -0.10622909 -0.09780071 0.012514754 0.113715194 -0.023070771 0.07941002 0.04349646 -0.17860071 0.068881944 0.011477263 0.10157395 -0.15383522 -0.23575577 0.15726855 -0.09908269 -0.04648996 -0.20236903 -0.2039046 -0.13416232 -0.22015046 NaN 
-0.23926783 -0.21890485 -0.19200584 -0.10682998 0.91682994 0.95728517 0.8402459 1.0 0.39846835 0.047847513 0.33292404 0.34798616 0.65898216 0.829819 0.82192063 0.770449 0.8266264 0.1575929 -0.02079199 0.2199901 0.74411833 0.6689043 0.72620076 0.67921424 0.62179583 0.60684586 0.634198 0.6909821 0.6430641 0.6120485 0.55920583 0.553775 0.10491526 -0.38106796 -0.3731022 -0.22627479 0.31441805 0.53917223 0.5310139 0.50981 0.5448279 0.51794004 0.51090014 0.1360758 -0.41480565 -0.51051456 -0.50985736 -0.39208215 0.4491917 0.57438964 0.49029848 0.03778964 NaN NaN 0.073631406 0.25514624 0.3657677 -0.10838889 0.01537221 -0.43772176 -0.5172792 -0.555238 -0.53856134 -0.5288756 -0.45958164 -0.40069577 -0.46291816 -0.4505187 -0.54285485 -0.5737201 -0.5741332 -0.56379515 -0.55469227 -0.52949154 -0.5975536 -0.5438732 -0.5662557 -0.47923595 -0.36722293 -0.04910015 0.12889282 0.17385131 -0.060011316 0.15219168 0.2078343 -0.12754405 -0.009488399 0.15996188 0.112999395 0.09557906 0.13193147 0.1401864 0.02766109 -0.16018619 -0.3660207 -0.38804844 -0.032821372 0.101079464 0.11171135 0.07266731 0.03311767 0.075711645 -0.16144948 0.091998175 0.14313465 0.17529882 0.21279871 -0.041204084 -0.18752567 0.029740244 -0.1538801 -0.27130568 -0.26727685 -0.2055147 0.13279895 -0.28733906 -0.41453844 -0.3691217 -0.29430747 -0.38014606 -0.33997926 -0.34444085 -0.27195403 -0.07850606 -0.06026307 -0.24269383 -0.22667766 0.103232086 8.7216374E-4 0.032258652 -0.12036355 0.001310171 0.088494435 0.008481929 -0.17984311 NaN 
0.3823008 0.40611154 0.4520338 0.7803532 0.5182482 0.18936247 0.74398136 0.39846835 1.0 0.8609997 0.9632814 0.8883295 0.4619021 0.47734624 0.4545046 -0.063425355 0.11748216 0.78672934 0.83215874 0.79672706 0.21725181 -0.2500036 0.0039438745 -0.2591863 -0.3216213 -0.32840872 -0.15551606 -0.083570845 -0.13528062 -0.3303446 -0.338955 -0.13995728 0.34092596 0.5414724 0.511953 0.42883533 -0.054429222 -0.4015815 -0.38714573 -0.36889127 -0.3339252 -0.36497843 -0.38922998 -0.10456397 -0.037975304 -0.04526423 0.28997797 0.29707387 -0.2583776 -0.35341537 -0.29527155 -0.2867603 NaN NaN -0.2319625 -0.370303 -0.52220154 -0.044423543 -0.24154277 0.07511749 0.3359355 0.21259932 0.11527664 0.11981152 0.12627615 0.11721024 0.16829047 0.15895475 0.16375332 0.020076351 -0.040475156 0.13772027 0.22405694 0.295726 0.22313368 0.31351468 0.27474886 0.39652228 -0.13208951 -0.5221752 -0.5620209 -0.5918793 -0.17733677 -0.5599192 -0.6096435 0.012461765 -0.26555836 -0.58909476 -0.49640778 -0.6230953 -0.6242759 -0.6649412 -0.6583208 -0.22093846 -0.12478674 0.04264817 -0.63298225 -0.7073553 -0.69317573 -0.67578775 -0.62959164 -0.6793449 -0.14951551 -0.62232774 -0.6177858 -0.60429925 -0.6100491 0.13567096 0.3894627 -0.484671 -0.2049322 0.46030042 -0.085576706 -0.011547833 -0.34863827 0.20353858 0.40517065 0.46598244 0.46761522 0.43728733 0.553645 0.4477096 0.0882061 0.20303662 0.093288675 0.5320748 0.12011428 -0.4844531 0.18244852 -0.1490928 0.21182814 -0.15448755 -0.28044385 -0.035206787 0.04931525 NaN 
0.6452004 0.5433561 0.5174929 0.89710045 0.15845577 -0.13962504 0.5063118 0.047847513 0.8609997 1.0 0.8631093 0.6744164 0.06693692 0.1382868 0.18081325 -0.39550567 -0.21052685 0.6164038 0.8886012 0.6267228 -0.15660618 -0.48696557 -0.22984734 -0.47724047 -0.5243026 -0.5239308 -0.3599391 -0.34496623 -0.36453816 -0.5424192 -0.59174514 -0.40314913 0.20937563 0.7123288 0.60983706 0.42045468 -0.3585794 -0.6124187 -0.5834041 -0.560406 -0.56225735 -0.58494 -0.5958452 -0.27765846 -0.07497868 -0.03903646 0.5100914 0.4843252 -0.49730182 -0.579017 -0.4684906 -0.28554732 NaN NaN -0.22690016 -0.45588028 -0.70152736 -0.042866103 -0.2119115 0.24427496 0.6076039 0.45730668 0.3830379 0.37694067 0.40833688 0.42075622 0.48317114 0.46834812 0.42903522 0.203999 0.10448939 0.3942724 0.52886397 0.6101279 0.47317022 0.5762271 0.47142118 0.59539336 -0.17432311 -0.63722503 -0.6660221 -0.6705529 -0.103045404 -0.6212715 -0.6701213 0.16562992 -0.29271907 -0.6435127 -0.516415 -0.654433 -0.6606969 -0.733745 -0.74044174 -0.20851013 -0.03844607 0.17161676 -0.62532055 -0.7524923 -0.7337944 -0.7053835 -0.67444676 -0.737374 -0.0780295 -0.66227466 -0.6570994 -0.651888 -0.68777764 0.18335569 0.5392921 -0.51539695 -0.2069708 0.5848775 -0.19909686 -0.14628394 -0.5378515 0.15919268 0.47702944 0.6538659 0.7324458 0.6056587 0.7283734 0.62947583 0.10577206 0.22612174 0.09252685 0.61235845 0.101433665 -0.56664187 0.27104595 -0.19584447 0.16987391 -0.29212955 -0.41812065 -0.1522412 -0.043728568 NaN 
0.425618 0.47384518 0.5296392 0.80652535 0.44645667 0.1240307 0.65924066 0.33292404 0.9632814 0.8631093 1.0 0.91698664 0.4964156 0.46876922 0.42846313 -0.07498729 0.093151085 0.8393828 0.8779999 0.83990383 0.19948678 -0.2639668 -0.050311062 -0.28994986 -0.3401317 -0.33931062 -0.18331484 -0.117073536 -0.17764427 -0.3536655 -0.3785814 -0.20814207 0.29818463 0.5651668 0.55075735 0.41730776 -0.12705134 -0.45777437 -0.44317904 -0.41562262 -0.39488536 -0.4264609 -0.44009456 -0.18029398 -0.028903738 -0.009171214 0.30231404 0.276341 -0.34680372 -0.40941057 -0.3175083 -0.2913076 NaN NaN -0.22723928 -0.3874 -0.57308304 -0.1237109 -0.29988077 0.09699696 0.38131604 0.29073015 0.19300029 0.19687678 0.18926162 0.16373053 0.22904563 0.21829651 0.24798627 0.12357596 0.06279154 0.22575322 0.3020422 0.36707133 0.32369396 0.39204496 0.36926004 0.45000586 -0.07148551 -0.5018393 -0.5720279 -0.6135339 -0.21698858 -0.5774582 -0.6326029 -0.012479191 -0.29409593 -0.61127853 -0.5372237 -0.6488434 -0.6473375 -0.68310773 -0.6791513 -0.25534177 -0.14183065 1.12950265E-5 -0.69257385 -0.746099 -0.7306971 -0.7189732 -0.6920234 -0.7266997 -0.23830982 -0.6964508 -0.69512373 -0.68240964 -0.6856599 -0.003988451 0.28746676 -0.58598745 -0.30668777 0.38648048 -0.122746155 -0.06579806 -0.42609167 0.17197914 0.42619506 0.50047666 0.48806316 0.47718534 0.5683462 0.44518504 0.09755623 0.14501834 0.03556447 0.5261843 0.1271679 -0.49683383 0.12893707 -0.16678882 0.23430078 -0.11242624 -0.23709856 0.016034497 0.121526025 NaN 
0.21127081 0.34016013 0.45540592 0.64855355 0.45424327 0.13459304 0.56962985 0.34798616 0.8883295 0.6744164 0.91698664 1.0 0.7020646 0.5416614 0.45572332 0.06437998 0.206937 0.917462 0.7884428 0.90129805 0.36006978 -0.18564783 -0.01639534 -0.24942316 -0.29667535 -0.2976369 -0.16355075 -0.08352317 -0.15406096 -0.3130402 -0.29979593 -0.14777116 0.27357185 0.40990758 0.456937 0.37154654 -0.015711976 -0.41391972 -0.4138635 -0.38973463 -0.3667723 -0.3926424 -0.40930223 -0.15168858 0.027957689 0.032105446 0.12897533 0.08930401 -0.32317406 -0.3748577 -0.30085883 -0.29031995 NaN NaN -0.24143346 -0.3354735 -0.4318073 -0.08411684 -0.3083627 0.024448693 0.21183454 0.1548746 0.039701447 0.044459827 0.012514233 -0.030010613 0.028709877 0.01860422 0.09593868 0.070280984 0.0546817 0.09159985 0.12927036 0.18018307 0.21025418 0.25668785 0.31123388 0.36707783 0.13346446 -0.26370257 -0.3917655 -0.4701985 -0.18381837 -0.43787646 -0.51397353 -0.07588388 -0.17325154 -0.48043847 -0.4480913 -0.5369583 -0.54491806 -0.5520197 -0.48974887 -0.1769896 -0.0705357 0.02214233 -0.5604641 -0.60702723 -0.6018316 -0.59018475 -0.5478252 -0.5787137 -0.23388983 -0.58630854 -0.59769714 -0.58663565 -0.5761032 -0.06617203 0.12701501 -0.49153635 -0.23281376 0.27219495 0.05127103 0.10209906 -0.24493578 0.23565856 0.40642354 0.32562846 0.24413253 0.32709637 0.40477085 0.31770888 0.19334158 0.20070827 0.1285969 0.5205821 0.31307727 -0.30313396 0.13124555 0.0027878578 0.39629933 0.1456938 0.0039552967 0.236769 0.3200215 NaN 
-0.23730788 -0.057135046 0.07500637 0.045641363 0.65407884 0.555652 0.51891696 0.65898216 0.4619021 0.06693692 0.4964156 0.7020646 1.0 0.85575694 0.71962655 0.685744 0.69202155 0.60554445 0.2556318 0.61575425 0.7878992 0.4567758 0.4088884 0.35380292 0.33959568 0.34128514 0.3509104 0.4543507 0.4028315 0.34638807 0.3249564 0.32086664 0.14693803 -0.18074703 -0.067136 -0.017720828 0.28233883 0.20731646 0.1950497 0.2209711 0.21792156 0.19307952 0.1902303 0.01719181 -0.12155384 -0.15756333 -0.37842157 -0.36757883 0.15164529 0.21334946 0.25720564 -0.03628502 NaN NaN 0.029254325 0.122655004 0.13970143 -0.21917129 -0.28908706 -0.35555875 -0.35862774 -0.30533555 -0.3542888 -0.3447297 -0.3626311 -0.38743356 -0.3931804 -0.39010227 -0.33918694 -0.23315223 -0.18122117 -0.3188905 -0.37414724 -0.36457354 -0.28787443 -0.29848936 -0.19051841 -0.19460845 0.08520161 0.11712752 0.0674906 -0.0014876026 -0.21752329 -0.016782362 -0.025797013 -0.2598007 -0.022733577 -0.020961344 -0.120143004 -0.11583791 -0.09002108 -0.020157775 -0.014229115 -0.12248193 -0.23188874 -0.32320195 -0.24640086 -0.11121797 -0.11003494 -0.15545964 -0.16781402 -0.11285132 -0.35763878 -0.2050996 -0.20392086 -0.18645151 -0.12399548 -0.34495625 -0.38835582 -0.28160322 -0.302093 -0.30058175 -0.0013862051 0.019204846 0.042221945 -0.061833363 -0.08751253 -0.21979815 -0.29340965 -0.19810957 -0.2163772 -0.29713872 -0.109847635 -0.13600922 -0.10178824 -0.04763288 0.0741525 0.036649544 -0.17603108 0.048333555 0.15598378 0.2834109 0.28945202 0.3163876 0.26846027 NaN 
-0.2524035 -0.20244074 -0.14375168 -0.0140601285 0.78852177 0.74904925 0.73435265 0.829819 0.47734624 0.1382868 0.46876922 0.5416614 0.85575694 1.0 0.9568029 0.798857 0.85489213 0.44137612 0.22919235 0.5189075 0.8603331 0.6315064 0.674238 0.5720144 0.54633963 0.53923666 0.5917114 0.6788962 0.6611343 0.5321502 0.48200256 0.52300197 0.2278344 -0.19933614 -0.17422338 -0.07511097 0.2684259 0.3612749 0.35730115 0.38156173 0.37598634 0.3415723 0.33015648 0.063897796 -0.34011778 -0.41027284 -0.3986635 -0.29085627 0.293934 0.346271 0.38773975 0.038178254 NaN NaN 0.1322309 0.2375348 0.2231966 -0.08847668 -0.05171535 -0.29360685 -0.35362548 -0.41277638 -0.4283015 -0.4199163 -0.38907054 -0.35785496 -0.39861062 -0.3932464 -0.44118512 -0.44163927 -0.42029414 -0.43827087 -0.44303307 -0.40269214 -0.42781222 -0.38606316 -0.3745126 -0.2738916 -0.21018496 -0.057180546 0.04078176 0.03453786 -0.05984062 0.058350183 0.06896646 -0.026974333 0.07227422 0.07306688 0.018393528 -0.033415295 1.6677901E-5 0.009933819 -0.05148743 -0.070177056 -0.262959 -0.33224505 -0.19871755 -0.07075726 -0.048469044 -0.09896617 -0.119109206 -0.08235328 -0.21926636 -0.11190176 -0.09693978 -0.08037359 -0.037196893 -0.17025676 -0.23327704 -0.23465157 -0.32803994 -0.26924276 -0.29911357 -0.24380465 -0.07643286 -0.31238517 -0.3567061 -0.33443877 -0.28468555 -0.34851182 -0.304522 -0.37890947 -0.34896615 -0.1862711 -0.16674215 -0.16435494 -0.15732768 -0.023767684 -0.051426243 0.0028771225 -0.002389348 0.0705954 0.13906021 0.129107 -0.017528495 NaN 
-0.25694385 -0.2794951 -0.25459886 -0.039811444 0.76460767 0.741967 0.7665724 0.82192063 0.4545046 0.18081325 0.42846313 0.45572332 0.71962655 0.9568029 1.0 0.7707344 0.8738177 0.3707351 0.22820978 0.46370828 0.8306378 0.63238454 0.7501205 0.6064581 0.56843275 0.5571045 0.64270526 0.6962004 0.6887047 0.52742785 0.49404073 0.55747896 0.23910363 -0.19529131 -0.21410152 -0.10066861 0.21628648 0.3542669 0.34995204 0.3600703 0.36577225 0.3311165 0.30977505 0.053788595 -0.42715004 -0.5136223 -0.39916575 -0.25269556 0.28110453 0.33234936 0.34280995 0.023390125 NaN NaN 0.101108335 0.22139008 0.24158344 0.03726363 0.11062392 -0.21563768 -0.32608947 -0.44340268 -0.44784427 -0.44340277 -0.39337447 -0.33755958 -0.39134836 -0.38562617 -0.47521177 -0.5174019 -0.50802225 -0.47669026 -0.45456374 -0.40034068 -0.46809763 -0.39893812 -0.42470255 -0.269531 -0.28399807 -0.0948172 0.06201832 0.0897026 0.08301231 0.13918477 0.14562233 0.13182904 0.15787446 0.14811793 0.12902506 0.052370805 0.07348743 0.03786544 -0.03801524 -0.0056336154 -0.20414543 -0.25328797 -0.1064228 -0.023679782 -0.00381839 -0.04293518 -0.06405433 -0.04506023 -0.099846825 -0.030902965 -0.010037626 0.007643704 0.027154716 -0.040269356 -0.121459976 -0.15670824 -0.27434042 -0.21055084 -0.40091658 -0.33050272 -0.11355818 -0.40442985 -0.44321764 -0.37953722 -0.27647668 -0.40779752 -0.33152822 -0.36498058 -0.37209177 -0.11334964 -0.09420227 -0.15020224 -0.17235573 0.014626719 0.1029587 0.0692004 0.0016965899 0.038283028 0.11365557 0.09484356 -0.09290074 NaN 
-0.5077161 -0.46498886 -0.42845568 -0.51409197 0.6285319 0.8061122 0.40378666 0.770449 -0.063425355 -0.39550567 -0.07498729 0.06437998 0.685744 0.798857 0.7707344 1.0 0.9401944 -0.019323299 -0.31566325 0.032108504 0.8345516 0.90814966 0.753509 0.8484964 0.85863626 0.85409135 0.75914633 0.81183124 0.80882543 0.8437192 0.77361685 0.66163135 -0.05963515 -0.66217417 -0.61604494 -0.4713004 0.30758297 0.7030151 0.6933706 0.69470495 0.67675275 0.65672886 0.6588608 0.09478732 -0.42504516 -0.497737 -0.71502966 -0.6247861 0.50837094 0.6979014 0.66468376 0.2253632 NaN NaN 0.27087215 0.51473176 0.64938533 -0.14661776 0.02044151 -0.51832455 -0.7099867 -0.6586231 -0.61819226 -0.60978776 -0.5603941 -0.5132232 -0.5927943 -0.5807952 -0.6508858 -0.5665623 -0.511748 -0.6436209 -0.70302105 -0.70604163 -0.7111715 -0.71449095 -0.6802899 -0.66233224 -0.21251446 0.28053433 0.43599743 0.46635813 -0.037180636 0.43092522 0.50704825 -0.17943916 0.15046594 0.46739233 0.33319452 0.39945567 0.43806633 0.48934126 0.3815599 -0.056910086 -0.32481232 -0.48616883 0.21814959 0.43272796 0.44091052 0.37532914 0.29996952 0.3882015 -0.2281176 0.31543174 0.35296172 0.3741101 0.43572265 -0.28651473 -0.5495237 0.11378379 -0.19711724 -0.6204189 -0.22940858 -0.21386892 0.2428321 -0.45127085 -0.6403117 -0.6615851 -0.6067341 -0.6563414 -0.6888683 -0.6992179 -0.38352007 -0.26844943 -0.16000432 -0.50800365 -0.2121241 0.38333765 -0.15084668 0.17174996 -0.11094238 0.24097936 0.4045452 0.2131046 -0.037097774 NaN 
-0.49081033 -0.4940665 -0.46118554 -0.41137815 0.690782 0.81284535 0.5509348 0.8266264 0.11748216 -0.21052685 0.093151085 0.206937 0.69202155 0.85489213 0.8738177 0.9401944 1.0 0.14113398 -0.12292465 0.21035922 0.89746594 0.845587 0.8422001 0.8211253 0.7986018 0.7843651 0.77262515 0.8086386 0.78944993 0.7436857 0.7173913 0.68524027 0.08453893 -0.52378947 -0.5074476 -0.3530744 0.28966036 0.5875609 0.5696126 0.55385345 0.5721083 0.54724556 0.5334531 0.08220588 -0.46812385 -0.5612354 -0.6537583 -0.5384635 0.41515163 0.5836767 0.51575094 0.11069932 NaN NaN 0.13421427 0.37428296 0.5454293 -0.022917185 0.14312224 -0.3731302 -0.6027139 -0.6430673 -0.62387955 -0.6184359 -0.563788 -0.49991876 -0.57775277 -0.5704788 -0.6599025 -0.62468636 -0.5867619 -0.6595543 -0.6714331 -0.6459864 -0.67521083 -0.6391514 -0.62311965 -0.5408735 -0.22391453 0.19237565 0.37497362 0.41610628 0.096631885 0.4151657 0.46124667 -0.015799832 0.21454577 0.42763215 0.3548081 0.36333606 0.3876574 0.3819072 0.27668086 -0.025352953 -0.25004876 -0.3500842 0.19042988 0.3246641 0.32993087 0.28798348 0.22888444 0.27930063 -0.12989782 0.26938605 0.300841 0.32126272 0.3544975 -0.14918882 -0.38503847 0.079987064 -0.18878524 -0.48206976 -0.32785276 -0.2805241 0.13786463 -0.48585448 -0.6326985 -0.6340357 -0.5529248 -0.6415129 -0.60897464 -0.59992296 -0.350819 -0.12987573 -0.050927985 -0.3700853 -0.15408434 0.34446684 0.053302296 0.24141517 0.0021682759 0.24589176 0.3674038 0.22733414 -0.04179053 NaN 
0.15422626 0.27850756 0.39604488 0.59070593 0.2554993 -0.05698337 0.38635468 0.1575929 0.78672934 0.6164038 0.8393828 0.917462 0.60554445 0.44137612 0.3707351 -0.019323299 0.14113398 1.0 0.8599348 0.9720598 0.3391803 -0.24949627 -0.058351252 -0.30913085 -0.3552658 -0.35668772 -0.20136859 -0.138014 -0.19443223 -0.3780242 -0.31949034 -0.14932154 0.35912937 0.5126214 0.5562543 0.44766024 -0.042419486 -0.5005109 -0.505466 -0.48011506 -0.4549906 -0.4800078 -0.5018577 -0.18186268 0.09049289 0.12097491 0.21734181 0.16661532 -0.39493403 -0.47634742 -0.41193435 -0.32695878 NaN NaN -0.29102737 -0.4030384 -0.5030219 -0.028845709 -0.25068083 0.19349676 0.33286667 0.27710685 0.14715116 0.15066531 0.08384545 0.01745164 0.09022227 0.077070996 0.18559802 0.18886928 0.18817537 0.19762711 0.21984997 0.27127093 0.33621526 0.3644266 0.43602344 0.4814127 0.24319886 -0.21861772 -0.37299517 -0.46061417 -0.102527335 -0.41634086 -0.5146827 0.025598532 -0.08863785 -0.46273145 -0.39663264 -0.49657446 -0.517381 -0.53917044 -0.45652527 -0.07855 0.054337632 0.12549987 -0.5466565 -0.63097584 -0.6287083 -0.6052352 -0.5530992 -0.5923788 -0.18044321 -0.59323335 -0.6263983 -0.6238216 -0.628075 -0.09437403 0.11355206 -0.55254054 -0.2926686 0.2534302 0.019203385 0.06343822 -0.32879138 0.18920656 0.39076763 0.31193686 0.21526411 0.31428856 0.38614085 0.28069773 0.15389664 0.13861616 0.07931111 0.50556487 0.30301893 -0.33281246 0.11959241 0.0095379455 0.44064248 0.18678448 0.03364918 0.29013994 0.41653916 NaN 
0.4506966 0.43900654 0.47655773 0.8100352 0.088979274 -0.23590058 0.3780829 -0.02079199 0.83215874 0.8886012 0.8779999 0.7884428 0.2556318 0.22919235 0.22820978 -0.31566325 -0.12292465 0.8599348 1.0 0.8613984 0.027969144 -0.4517063 -0.21151175 -0.48187542 -0.5282424 -0.52711624 -0.35170147 -0.3160934 -0.34293252 -0.549723 -0.5452888 -0.34339112 0.3255732 0.7549821 0.70305246 0.5115185 -0.27609426 -0.6642252 -0.65296155 -0.62471837 -0.62312 -0.6467138 -0.6584866 -0.27831075 0.035946935 0.09198033 0.4946008 0.4470145 -0.5409329 -0.6427888 -0.5278972 -0.3324565 NaN NaN -0.2950564 -0.5059551 -0.7265162 -0.027300859 -0.23089398 0.34411523 0.6279147 0.50987256 0.39735675 0.39277884 0.36323044 0.3295678 0.41026703 0.39212528 0.43333414 0.2980252 0.24283007 0.42252237 0.5121664 0.5929234 0.5498088 0.6184743 0.5892914 0.6852023 0.06135136 -0.48903596 -0.5993554 -0.64884156 -0.07778588 -0.58447427 -0.6707566 0.18435319 -0.1778895 -0.61441606 -0.493096 -0.6345625 -0.6485671 -0.706714 -0.6621925 -0.09821571 0.07660472 0.2228717 -0.6457122 -0.7778464 -0.7668883 -0.7396794 -0.6893747 -0.7484115 -0.11042171 -0.70480764 -0.73195064 -0.73147565 -0.76245207 0.043404028 0.38337165 -0.6264763 -0.3151585 0.4679088 -0.14426295 -0.10041456 -0.5552924 0.14653689 0.46553546 0.5495359 0.5509854 0.51758647 0.62408346 0.49745774 0.092193596 0.14384823 0.035826333 0.597638 0.18000351 -0.5426943 0.19236033 -0.14367883 0.30505002 -0.10504043 -0.25291228 0.046540316 0.20207281 NaN 
0.11246348 0.19268577 0.29745615 0.5486791 0.30774668 0.008596289 0.4580115 0.2199901 0.79672706 0.6267228 0.83990383 0.90129805 0.61575425 0.5189075 0.46370828 0.032108504 0.21035922 0.9720598 0.8613984 1.0 0.4244517 -0.16625631 0.05580352 -0.229779 -0.28223214 -0.28883702 -0.11240067 -0.03960478 -0.089404196 -0.3115013 -0.25255963 -0.06077858 0.4217936 0.5129548 0.5433291 0.47181252 -5.478904E-4 -0.45526564 -0.46449813 -0.4379832 -0.4147568 -0.44468462 -0.46453527 -0.14129235 0.056745324 0.06863868 0.20283799 0.18732004 -0.33913913 -0.44061902 -0.3609314 -0.29513153 NaN NaN -0.26560444 -0.3782327 -0.4984752 -0.01919211 -0.2037573 0.20143004 0.33039045 0.22367226 0.10337995 0.106017075 0.055060625 0.011658811 0.06871283 0.05526334 0.13103154 0.11335801 0.111217886 0.14424391 0.18692072 0.2458209 0.28997573 0.33728427 0.38831493 0.47160238 0.19475998 -0.24881868 -0.3736297 -0.4585655 -0.037233893 -0.38566643 -0.49215937 0.12479887 -0.0111309355 -0.41941726 -0.33957008 -0.47703734 -0.49227536 -0.5263757 -0.44537988 -5.0044275E-4 0.10617915 0.16853921 -0.5271931 -0.6253801 -0.61968046 -0.5995064 -0.5363056 -0.58732706 -0.11270623 -0.5708508 -0.60381305 -0.6070093 -0.6166374 -0.050562937 0.1558231 -0.54236954 -0.3000467 0.25564405 -0.056423455 -0.0071037957 -0.37330472 0.12596485 0.30247593 0.24338903 0.18072245 0.23541309 0.33655852 0.233614 0.069927275 0.11106644 0.03361078 0.45044193 0.23782605 -0.36154398 0.14645708 -0.014547285 0.40314084 0.14142044 0.007482684 0.26303077 0.35266358 NaN 
-0.5076456 -0.47602093 -0.3989641 -0.32207614 0.67166996 0.6991152 0.53048635 0.74411833 0.21725181 -0.15660618 0.19948678 0.36006978 0.7878992 0.8603331 0.8306378 0.8345516 0.89746594 0.3391803 0.027969144 0.4244517 1.0 0.7584133 0.7814495 0.69751817 0.669943 0.6524564 0.6878045 0.7543401 0.73204494 0.6248291 0.6636654 0.6872743 0.27125692 -0.35403675 -0.2892528 -0.110565074 0.42781293 0.47411495 0.43697107 0.4287777 0.45043817 0.4237484 0.41119146 0.1650225 -0.26024204 -0.35756427 -0.5381849 -0.4212871 0.39332512 0.44864225 0.40644807 0.055298056 NaN NaN 0.05661093 0.25141767 0.38178647 -0.019956334 0.046407904 -0.30316472 -0.5161478 -0.5629057 -0.57955027 -0.57523626 -0.5542081 -0.51613927 -0.57595533 -0.57266164 -0.61645085 -0.53917 -0.47428542 -0.5925402 -0.6145011 -0.5837393 -0.5641748 -0.5347101 -0.47323307 -0.38158628 -0.0398947 0.20850348 0.29305804 0.27904063 0.06850965 0.29879826 0.30595547 0.009953829 0.26130807 0.3192928 0.26500356 0.23424098 0.2566473 0.27248973 0.25102958 0.11172172 -0.087235205 -0.21357274 0.074591376 0.1675224 0.17293674 0.1409075 0.12730001 0.15888616 -0.10630165 0.12824534 0.13900423 0.14870259 0.18328741 -0.16129827 -0.3390499 -0.029150512 -0.2128535 -0.3949687 -0.20611085 -0.1699987 0.07512832 -0.36379185 -0.48308077 -0.57657945 -0.5463919 -0.57973474 -0.54329365 -0.56699985 -0.3226784 -0.15827341 -0.10391315 -0.2950319 -0.08850938 0.2178045 -0.021238988 0.17366987 0.07639876 0.2900903 0.36612177 0.29748574 0.10153058 NaN 
-0.5127125 -0.5339205 -0.54205436 -0.6280205 0.48851654 0.7504292 0.28018808 0.6689043 -0.2500036 -0.48696557 -0.2639668 -0.18564783 0.4567758 0.6315064 0.63238454 0.90814966 0.845587 -0.24949627 -0.4517063 -0.16625631 0.7584133 1.0 0.8117288 0.95470315 0.9658781 0.94263434 0.790631 0.8304646 0.8660646 0.92561287 0.8412525 0.6969577 -0.112728655 -0.70249015 -0.68641466 -0.5385614 0.27688023 0.7879165 0.76557195 0.75282085 0.71034074 0.6952263 0.70946753 0.08377895 -0.4765861 -0.5460145 -0.70248 -0.6026072 0.55778086 0.76647365 0.74292064 0.33991343 NaN NaN 0.3440888 0.5810516 0.6864079 -0.19113669 0.061407275 -0.5126765 -0.70997226 -0.66135293 -0.59526366 -0.5879257 -0.5203835 -0.45251873 -0.5442412 -0.5319878 -0.6396966 -0.5823633 -0.5419128 -0.6404214 -0.6886769 -0.6908914 -0.72912306 -0.73385924 -0.732083 -0.7159546 -0.30660427 0.27525312 0.48381007 0.54795235 0.0056486055 0.50541216 0.62004644 -0.12150843 0.17614779 0.56705904 0.43719798 0.50910294 0.56334144 0.61281395 0.47429547 0.004468155 -0.29078978 -0.4680564 0.3270402 0.5388029 0.5408844 0.47327292 0.37480664 0.4719832 -0.19586644 0.41281903 0.46321177 0.47741735 0.5273761 -0.26959825 -0.53698575 0.18761252 -0.19307067 -0.66220754 -0.3318107 -0.34041217 0.16832183 -0.5790616 -0.7463909 -0.6952492 -0.59590936 -0.70192146 -0.74036354 -0.7459865 -0.4633519 -0.31944337 -0.20225918 -0.62035114 -0.33483386 0.42229956 -0.15663658 0.15179957 -0.22509569 0.17099704 0.38788196 0.16206959 -0.12490855 NaN 
-0.5011062 -0.59363484 -0.6067188 -0.48038462 0.5919639 0.74721795 0.5097399 0.72620076 0.0039438745 -0.22984734 -0.050311062 -0.01639534 0.4088884 0.674238 0.7501205 0.753509 0.8422001 -0.058351252 -0.21151175 0.05580352 0.7814495 0.8117288 1.0 0.8893282 0.8030305 0.7561121 0.8178645 0.82844 0.83293074 0.7371304 0.7667613 0.79107845 0.25765383 -0.41197613 -0.42009017 -0.18986417 0.40621814 0.6367802 0.60410714 0.56863487 0.6067748 0.58399314 0.56482255 0.26497892 -0.36438406 -0.49503344 -0.50602806 -0.32882014 0.5168331 0.5876646 0.48045206 0.10866986 NaN NaN 0.114003606 0.32564756 0.4786127 0.09784563 0.32257968 -0.19675496 -0.49006632 -0.625075 -0.58285135 -0.5829675 -0.51880634 -0.42790705 -0.52103823 -0.5147902 -0.6443611 -0.6488928 -0.62260526 -0.6386613 -0.6112925 -0.57780236 -0.6317475 -0.57586473 -0.59818125 -0.46417657 -0.24496989 0.15024264 0.3718179 0.4210368 0.27142826 0.46016252 0.49243978 0.22301826 0.34385747 0.4812818 0.47788072 0.40293193 0.42899847 0.3763409 0.27729213 0.14581452 -0.08171629 -0.14665736 0.26110458 0.3244382 0.3204361 0.291433 0.25673258 0.276644 0.06855441 0.32285595 0.3520427 0.34707373 0.34706157 0.004030943 -0.20967789 0.12946022 -0.15469855 -0.39087677 -0.46133325 -0.42389667 -9.359017E-4 -0.5749824 -0.6983819 -0.65741 -0.5212073 -0.6813144 -0.616683 -0.58571184 -0.46241036 -0.17026168 -0.13743901 -0.46411586 -0.3364775 0.23014094 0.07934363 0.107507624 -0.16883887 0.03768536 0.17352754 0.027395338 -0.23223133 NaN 
-0.51282483 -0.56831545 -0.59432423 -0.6463237 0.49565834 0.76778066 0.31151876 0.67921424 -0.2591863 -0.47724047 -0.28994986 -0.24942316 0.35380292 0.5720144 0.6064581 0.8484964 0.8211253 -0.30913085 -0.48187542 -0.229779 0.69751817 0.95470315 0.8893282 1.0 0.96260506 0.92371124 0.8230756 0.8421506 0.86888003 0.9208616 0.8665624 0.7514578 -0.027923025 -0.6613573 -0.655238 -0.47392467 0.3341828 0.822477 0.80308735 0.77561235 0.7663527 0.7529159 0.75559294 0.1811652 -0.43887055 -0.5314214 -0.65249217 -0.53141993 0.61052865 0.7897557 0.7095404 0.28480855 NaN NaN 0.3072056 0.54679996 0.6817706 -0.10761067 0.17603078 -0.43111333 -0.6721426 -0.66685236 -0.5925119 -0.5873956 -0.51511735 -0.4338893 -0.531575 -0.5213697 -0.6464166 -0.61168176 -0.5800043 -0.6487829 -0.67442006 -0.6729602 -0.7235377 -0.7158675 -0.7325277 -0.6977289 -0.33438367 0.24339733 0.48081878 0.5583273 0.07599899 0.52429396 0.63380724 -0.043676272 0.19826412 0.5751805 0.479495 0.5257842 0.5720578 0.5902173 0.43485585 0.003965462 -0.284381 -0.4137804 0.3518196 0.53769654 0.5346894 0.47560197 0.3831444 0.46940842 -0.1148506 0.44960612 0.49772444 0.5026852 0.5368066 -0.1901239 -0.45703653 0.22296487 -0.1674009 -0.6195292 -0.3913845 -0.39150727 0.15357594 -0.6068338 -0.77452147 -0.7007757 -0.58041424 -0.7136115 -0.7338844 -0.72476274 -0.4956509 -0.31284907 -0.21537419 -0.65039986 -0.4148012 0.37800932 -0.1317522 0.09520414 -0.30670244 0.061959393 0.27007324 0.03137027 -0.24806118 NaN 
-0.50676084 -0.5539446 -0.5831006 -0.6680234 0.44689414 0.7296107 0.2330515 0.62179583 -0.3216213 -0.5243026 -0.3401317 -0.29667535 0.33959568 0.54633963 0.56843275 0.85863626 0.7986018 -0.3552658 -0.5282424 -0.28223214 0.669943 0.9658781 0.8030305 0.96260506 1.0 0.9837222 0.85823417 0.8615658 0.8966094 0.95272386 0.8883551 0.7502598 -0.06449845 -0.6883768 -0.6775864 -0.5081671 0.3228783 0.8392708 0.8185942 0.8048697 0.78838104 0.7755353 0.78555405 0.17728725 -0.43179268 -0.5173099 -0.6640402 -0.5525803 0.6314167 0.81658566 0.75912476 0.338932 NaN NaN 0.35558555 0.5929271 0.7149206 -0.131908 0.13963023 -0.46097696 -0.6920503 -0.6642664 -0.5862614 -0.5803811 -0.50746274 -0.42862085 -0.5262863 -0.5153178 -0.6377562 -0.5957024 -0.5614875 -0.6406638 -0.6765756 -0.6802154 -0.73148143 -0.7322745 -0.74864113 -0.7306844 -0.34964305 0.25221828 0.48139635 0.5612013 0.022945601 0.51502407 0.637402 -0.09738737 0.1654202 0.57737076 0.4618056 0.5309847 0.58329815 0.6176945 0.45973125 -0.018016856 -0.31490937 -0.46209526 0.3560396 0.56675565 0.57010126 0.5028276 0.39997032 0.49741057 -0.1563304 0.45669797 0.50097144 0.5105416 0.5509639 -0.23411015 -0.50419694 0.22346476 -0.16643998 -0.65056515 -0.3601176 -0.36896235 0.1817704 -0.593253 -0.77342093 -0.69621634 -0.58086914 -0.7086552 -0.74436206 -0.7494945 -0.5063851 -0.35188052 -0.24420063 -0.6877212 -0.42458534 0.39305657 -0.17927554 0.08107167 -0.33206356 0.0622667 0.28388613 0.029129539 -0.2526388 NaN 
-0.49591973 -0.5407853 -0.5700834 -0.65893394 0.44528225 0.7213933 0.22119337 0.60684586 -0.32840872 -0.5239308 -0.33931062 -0.2976369 0.34128514 0.53923666 0.5571045 0.85409135 0.7843651 -0.35668772 -0.52711624 -0.28883702 0.6524564 0.94263434 0.7561121 0.92371124 0.9837222 1.0 0.8959837 0.8728605 0.9026647 0.95267665 0.8911448 0.753433 -0.056430668 -0.67711705 -0.66410905 -0.499063 0.33108968 0.8456569 0.82734936 0.817689 0.8041225 0.7926978 0.80582553 0.19282873 -0.4164476 -0.50103706 -0.65217626 -0.5428799 0.6415651 0.8270669 0.7697479 0.35036743 NaN NaN 0.35983223 0.5915471 0.7058783 -0.14264748 0.12143433 -0.46103865 -0.68796235 -0.6531912 -0.5764881 -0.57065123 -0.4989912 -0.42320117 -0.5179985 -0.50710005 -0.6279222 -0.5865085 -0.5521599 -0.63095725 -0.6690732 -0.67232925 -0.72398233 -0.72725886 -0.7442027 -0.7304192 -0.35706815 0.24021733 0.46536252 0.5444174 -0.0028178878 0.50028694 0.62086874 -0.11604619 0.1412735 0.55357945 0.43957922 0.51170397 0.5636362 0.602959 0.4493589 -0.021343438 -0.32604817 -0.4790749 0.33377418 0.5635276 0.5732909 0.5041209 0.39754984 0.4988204 -0.16430376 0.45159194 0.49193832 0.5072919 0.5462643 -0.23871523 -0.5048127 0.21367078 -0.16896132 -0.6497967 -0.3553067 -0.3648043 0.18545502 -0.5887607 -0.7614595 -0.682864 -0.5703903 -0.697087 -0.73832947 -0.7523693 -0.5158703 -0.37588972 -0.267683 -0.69856757 -0.44216797 0.3694861 -0.20921807 0.05194596 -0.34900808 0.0462687 0.26844952 0.00950152 -0.2593683 NaN 
