1.0 0.7886724 0.70898545 0.72862625 0.7327746 0.6477536 0.693748 0.71337175 -0.1933732 -0.53276175 0.6533257 0.59296167 0.21534596 0.53346044 0.58078355 0.37157845 0.54712456 0.5932484 0.5819307 0.05625574 -0.648633 -0.5976549 -0.6343841 -0.5881243 -0.62429494 NaN NaN -0.65683186 -0.6303282 -0.6220742 -0.3436279 -0.6273072 -0.5955676 -0.13008569 -0.10577496 0.14980382 0.5112622 -0.26460263 -0.054919984 0.7469204 0.7628752 0.6412219 0.62819916 -0.3936515 -0.30487013 0.58679074 0.6357143 0.5966914 0.49770615 0.60752827 0.52061427 -0.071275525 -0.59438705 -0.5871057 -0.7860114 -0.12257111 -0.78085786 -0.764039 -0.44871503 0.5810468 
0.7886724 1.0 0.9677251 0.97806066 0.9734699 0.88429 0.963819 0.9398074 -0.41730794 -0.71415204 0.76592404 0.81400007 0.29603097 0.8095762 0.88052344 0.6395119 0.8380374 0.88775855 0.8271968 -0.015335112 -0.7568201 -0.74330163 -0.7308535 -0.75410825 -0.7623386 NaN NaN -0.7199844 -0.8225849 -0.803874 -0.52651644 -0.7545003 -0.73334736 -0.2391421 -0.23836915 -0.24189223 0.16230023 -0.5662571 -0.45576906 0.8349076 0.89117396 0.74881035 0.6814438 -0.504316 -0.68567795 0.58910316 0.85472864 0.877761 0.75414157 0.88280344 0.7251549 0.014840814 -0.73950124 -0.6854776 -0.832052 -0.011175554 -0.7906548 -0.7948728 -0.52555984 0.51862514 
0.70898545 0.9677251 1.0 0.954654 0.93109 0.8316842 0.951567 0.91313344 -0.48315573 -0.66997486 0.6842841 0.84794575 0.40323266 0.7679662 0.8571686 0.6010332 0.82739323 0.88185483 0.8059279 -0.013540654 -0.6839879 -0.6695862 -0.67324525 -0.69076455 -0.68916833 NaN NaN -0.6514818 -0.787331 -0.779214 -0.56799304 -0.7220338 -0.707356 -0.30231723 -0.30681136 -0.30959126 0.09275718 -0.50756574 -0.4801446 0.7463342 0.8356878 0.6567047 0.5741114 -0.5445355 -0.65543723 0.4960582 0.8019093 0.8571127 0.71523017 0.8656753 0.6712623 -0.055318538 -0.6802579 -0.60985357 -0.80611 -0.08751947 -0.7851484 -0.74523115 -0.4755067 0.4607673 
0.72862625 0.97806066 0.954654 1.0 0.9917045 0.94938475 0.9664742 0.9212068 -0.44408122 -0.73914886 0.7223421 0.7737145 0.24137202 0.8864184 0.9296645 0.7433758 0.9063633 0.9164456 0.81145847 -0.064253785 -0.76891834 -0.7618966 -0.7383141 -0.7706886 -0.7713349 NaN NaN -0.7248327 -0.82568026 -0.79657006 -0.4924183 -0.7403279 -0.7247557 -0.19017029 -0.1886341 -0.28509104 0.08139651 -0.6065814 -0.4875402 0.8271868 0.897925 0.7996618 0.7087289 -0.45988634 -0.7427337 0.57003284 0.8923151 0.90877324 0.81806356 0.88543314 0.7343611 0.06983278 -0.7631957 -0.7106868 -0.83141667 0.0011342772 -0.7807672 -0.80202127 -0.56723726 0.4373405 
0.7327746 0.9734699 0.93109 0.9917045 1.0 0.9541526 0.9650849 0.9280702 -0.42002836 -0.7531266 0.749834 0.7668338 0.20948705 0.89408726 0.9350233 0.7561639 0.9070274 0.91567504 0.82174265 -0.046421144 -0.7920146 -0.78386855 -0.7605889 -0.7936788 -0.79527444 NaN NaN -0.74769753 -0.841349 -0.8096463 -0.47361252 -0.7546453 -0.7373703 -0.16909203 -0.17291519 -0.2847627 0.08777757 -0.63162094 -0.48585883 0.85150486 0.91163987 0.8197664 0.7363563 -0.44913074 -0.75636 0.59820664 0.90711814 0.92435414 0.8393321 0.89199746 0.7565875 0.11368587 -0.769949 -0.72195166 -0.82653177 0.04751487 -0.766856 -0.8071047 -0.56820637 0.46302348 
0.6477536 0.88429 0.8316842 0.94938475 0.9541526 1.0 0.90180403 0.8397645 -0.38169274 -0.75232077 0.6535273 0.6149748 0.034909807 0.95530933 0.94100785 0.8755576 0.94087714 0.8869345 0.74361837 -0.13588569 -0.7938157 -0.80687135 -0.74411047 -0.8022533 -0.79003936 NaN NaN -0.71142757 -0.78474987 -0.72819835 -0.3320206 -0.66561437 -0.6559238 -0.015213477 -0.012053163 -0.29387918 -0.023319462 -0.677676 -0.4892963 0.80911493 0.87060255 0.8775793 0.7762658 -0.28762183 -0.79539233 0.5796302 0.92530704 0.9073341 0.88908386 0.8337782 0.74150467 0.23261239 -0.8020136 -0.772734 -0.79123175 0.08903711 -0.70168364 -0.7947613 -0.6496913 0.33941713 
0.693748 0.963819 0.951567 0.9664742 0.9650849 0.90180403 1.0 0.9660425 -0.40825853 -0.7128803 0.76417255 0.8315295 0.31001255 0.8484119 0.9140891 0.69276565 0.878723 0.91562796 0.8425607 -0.011719841 -0.76415306 -0.7570704 -0.74753475 -0.775444 -0.7708992 NaN NaN -0.72041434 -0.8397856 -0.81843555 -0.5269977 -0.75854945 -0.74201226 -0.23750079 -0.25383607 -0.32372832 0.06766896 -0.6005331 -0.5012186 0.8235688 0.89549994 0.7476685 0.6760496 -0.49637762 -0.7238842 0.57820314 0.8755372 0.9150001 0.79964006 0.90526915 0.75513875 0.071382456 -0.7352153 -0.67984086 -0.82231385 0.023556447 -0.774505 -0.78707373 -0.5289319 0.48896626 
0.71337175 0.9398074 0.91313344 0.9212068 0.9280702 0.8397645 0.9660425 1.0 -0.28801593 -0.7060132 0.87091655 0.86186284 0.31757283 0.7949036 0.8703472 0.6138848 0.8151147 0.8726456 0.8646201 0.091842905 -0.80670214 -0.7774269 -0.79682666 -0.80429095 -0.8119315 NaN NaN -0.78244954 -0.869094 -0.8479075 -0.48313767 -0.80371207 -0.7821734 -0.21504752 -0.24869044 -0.24811383 0.17676553 -0.5992219 -0.42057478 0.88008755 0.9136604 0.74418175 0.7211374 -0.48949915 -0.6657011 0.67837346 0.8627963 0.8921321 0.7642563 0.90151936 0.7880321 0.12653029 -0.7128726 -0.6764816 -0.8197488 0.12129594 -0.75987434 -0.80693865 -0.49634936 0.58289135 
-0.1933732 -0.41730794 -0.48315573 -0.44408122 -0.42002836 -0.38169274 -0.40825853 -0.28801593 1.0 0.5794062 0.030778049 -0.26726776 -0.24035892 -0.32085332 -0.41059583 -0.33314133 -0.45999053 -0.4933428 -0.41344458 -0.13390695 0.07085948 -0.009244288 0.041656997 0.029341184 0.08476568 NaN NaN 0.1959195 0.31733894 0.33170557 0.41749385 0.36325803 0.40194482 0.391701 0.36624748 0.4409493 0.22212572 0.26362216 0.48791698 -0.14419541 -0.26679066 -0.13770863 -0.008950064 0.5060274 0.41083843 0.055380538 -0.29893002 -0.39243633 -0.3349184 -0.41573074 -0.28073043 0.08394154 0.11023838 0.024057392 0.115154594 -0.008334407 0.15705031 0.0813492 -0.04254956 -0.17559287 
-0.53276175 -0.71415204 -0.66997486 -0.73914886 -0.7531266 -0.75232077 -0.7128803 -0.7060132 0.5794062 1.0 -0.60727227 -0.45224825 0.12243912 -0.74877274 -0.7848165 -0.7255693 -0.7817164 -0.7841347 -0.77944934 -0.18690473 0.7232704 0.6201213 0.62650853 0.6443169 0.73481315 NaN NaN 0.7315111 0.7225549 0.6685226 0.13438538 0.7154879 0.71679026 -0.05696251 -0.032109864 0.2945643 0.019530408 0.762165 0.45951065 -0.7491524 -0.75671214 -0.75706625 -0.7405685 0.19199954 0.6963858 -0.69793147 -0.8198998 -0.8004411 -0.80846703 -0.7794885 -0.8046653 -0.49656606 0.60260886 0.6367075 0.5274167 -0.47864664 0.39627954 0.64560777 0.45511076 -0.4688114 
0.6533257 0.76592404 0.6842841 0.7223421 0.749834 0.6535273 0.76417255 0.87091655 0.030778049 -0.60727227 1.0 0.773372 0.21571027 0.6637863 0.71317816 0.45894986 0.6169122 0.68660307 0.77477276 0.2292146 -0.8046388 -0.7407015 -0.80383307 -0.76886135 -0.80508256 NaN NaN -0.8270263 -0.8066862 -0.7843398 -0.31001005 -0.7820573 -0.7490119 -0.09919574 -0.1641344 -0.08648867 0.3168001 -0.5533058 -0.23413168 0.8533662 0.79683805 0.67747235 0.7507313 -0.36262184 -0.50180084 0.7892652 0.75688773 0.7470777 0.6516909 0.7870032 0.78836894 0.2791214 -0.5990299 -0.6150212 -0.6986334 0.3345415 -0.6062796 -0.7535003 -0.3964064 0.66134894 
0.59296167 0.81400007 0.84794575 0.7737145 0.7668338 0.6149748 0.8315295 0.86186284 -0.26726776 -0.45224825 0.773372 1.0 0.6978176 0.59401476 0.7029506 0.3590004 0.63184994 0.7409766 0.74914765 0.19491643 -0.59241146 -0.54004884 -0.6774838 -0.6035822 -0.61202013 NaN NaN -0.68609524 -0.7795863 -0.8137637 -0.6463983 -0.7873769 -0.7729954 -0.4739257 -0.52316713 -0.30306476 0.19337307 -0.3297551 -0.3404234 0.64544284 0.72592884 0.45116058 0.43094468 -0.6829007 -0.41765016 0.4606156 0.6405014 0.72804654 0.5535298 0.7980096 0.6313175 -0.099614404 -0.42772424 -0.36768177 -0.6933276 -0.02851579 -0.6978337 -0.61645633 -0.15807705 0.6280869 
0.21534596 0.29603097 0.40323266 0.24137202 0.20948705 0.034909807 0.31001255 0.31757283 -0.24035892 0.12243912 0.21571027 0.6978176 1.0 -0.0017901168 0.1310702 -0.20006365 0.08681089 0.21565787 0.22787756 0.24109825 0.035864823 0.10733179 -0.14956142 0.020501139 0.017477654 NaN NaN -0.20613733 -0.29609436 -0.40253893 -0.66227543 -0.41032082 -0.41095924 -0.6896596 -0.7264346 -0.19845733 0.1950491 0.25525534 -0.06608825 0.029528841 0.1521399 -0.19133177 -0.22009334 -0.7368828 0.14658666 -0.12750106 0.002934445 0.1353456 -0.061847076 0.2495605 0.038127843 -0.52896994 0.1701429 0.27536425 -0.2272988 -0.3631686 -0.3508016 -0.03741852 0.4236693 0.3853205 
0.53346044 0.8095762 0.7679662 0.8864184 0.89408726 0.95530933 0.8484119 0.7949036 -0.32085332 -0.74877274 0.6637863 0.59401476 -0.0017901168 1.0 0.96311074 0.9235894 0.95496595 0.8971539 0.7596077 -0.0782755 -0.79396546 -0.8159516 -0.75753564 -0.8226671 -0.80905753 NaN NaN -0.721381 -0.7772895 -0.7143702 -0.2735983 -0.66004306 -0.6602122 -0.0017569298 -0.019609269 -0.41000095 -0.17094596 -0.74764556 -0.57084894 0.736145 0.7924114 0.8352501 0.7578651 -0.22409827 -0.8121715 0.59725666 0.92842835 0.9094539 0.9357814 0.86348015 0.8201342 0.38206974 -0.75622576 -0.7493728 -0.70872855 0.24051614 -0.5859912 -0.74600446 -0.617346 0.36673653 
0.58078355 0.88052344 0.8571686 0.9296645 0.9350233 0.94100785 0.9140891 0.8703472 -0.41059583 -0.7848165 0.71317816 0.7029506 0.1310702 0.96311074 1.0 0.88639784 0.98067814 0.9675446 0.86512375 0.03147118 -0.80121046 -0.8054883 -0.77953255 -0.8253546 -0.8195983 NaN NaN -0.7542329 -0.8338211 -0.78726894 -0.38428038 -0.74223316 -0.7443886 -0.13391894 -0.16333137 -0.4608518 -0.14081685 -0.74276143 -0.61174816 0.76151705 0.828691 0.79588544 0.727557 -0.3560661 -0.80619234 0.6176809 0.9412439 0.96135527 0.9375952 0.93682325 0.8603013 0.31741512 -0.74017096 -0.7176806 -0.73903656 0.22770707 -0.64090836 -0.7664627 -0.5651236 0.4668941 
0.37157845 0.6395119 0.6010332 0.7433758 0.7561639 0.8755576 0.69276565 0.6138848 -0.33314133 -0.7255693 0.45894986 0.3590004 -0.20006365 0.9235894 0.88639784 1.0 0.91021854 0.80939513 0.6548557 -0.109041706 -0.7094314 -0.75319934 -0.65737176 -0.7489685 -0.7205353 NaN NaN -0.5933396 -0.6345009 -0.5474199 -0.07422117 -0.5013516 -0.5226931 0.14307192 0.12949248 -0.457723 -0.33465052 -0.76371825 -0.57051295 0.6040119 0.66062444 0.7937369 0.7050437 -0.043101974 -0.79476285 0.5276626 0.8662384 0.82517666 0.91885364 0.73516065 0.7365379 0.50662935 -0.70533925 -0.71773106 -0.56639725 0.31222466 -0.41527507 -0.6362421 -0.6360783 0.21131444 
0.54712456 0.8380374 0.82739323 0.9063633 0.9070274 0.94087714 0.878723 0.8151147 -0.45999053 -0.7817164 0.6169122 0.63184994 0.08681089 0.95496595 0.98067814 0.91021854 1.0 0.9630303 0.84223914 0.038458854 -0.76461965 -0.7741106 -0.74219835 -0.7949193 -0.7860176 NaN NaN -0.7119006 -0.79884744 -0.75011003 -0.35928717 -0.7008974 -0.7092464 -0.12150958 -0.14230514 -0.4887576 -0.19886552 -0.73695076 -0.6223075 0.71519977 0.7996718 0.7872889 0.70443857 -0.31491053 -0.7923312 0.587065 0.9350551 0.9464543 0.9422704 0.90377223 0.8325455 0.33308756 -0.72148466 -0.7008411 -0.71077204 0.21077755 -0.621535 -0.74386823 -0.57050514 0.39715734 
0.5932484 0.88775855 0.88185483 0.9164456 0.91567504 0.8869345 0.91562796 0.8726456 -0.4933428 -0.7841347 0.68660307 0.7409766 0.21565787 0.8971539 0.9675446 0.80939513 0.9630303 1.0 0.93881726 0.16242045 -0.7573047 -0.7549112 -0.75301766 -0.78912103 -0.79465437 NaN NaN -0.73989874 -0.8370331 -0.8077617 -0.47393116 -0.7677524 -0.77098686 -0.2507567 -0.27440017 -0.4904554 -0.12880531 -0.7074842 -0.62466794 0.73463726 0.818632 0.7304053 0.67223173 -0.43274954 -0.7496596 0.6137029 0.92121315 0.95308423 0.90181816 0.96088433 0.8698765 0.25480717 -0.6879784 -0.658279 -0.71982074 0.21327537 -0.65351784 -0.7438379 -0.4941186 0.51319796 
0.5819307 0.8271968 0.8059279 0.81145847 0.82174265 0.74361837 0.8425607 0.8646201 -0.41344458 -0.77944934 0.77477276 0.74914765 0.22787756 0.7596077 0.86512375 0.6548557 0.84223914 0.93881726 1.0 0.39309472 -0.7518015 -0.72102994 -0.7701646 -0.7758482 -0.8017815 NaN NaN -0.7867929 -0.84244514 -0.8196452 -0.43026772 -0.80725926 -0.8064791 -0.26623353 -0.31101677 -0.4190608 -0.009413977 -0.68977076 -0.54170954 0.75405693 0.7845392 0.65486014 0.669499 -0.44572276 -0.65066147 0.7118384 0.8620153 0.893729 0.8174423 0.9429858 0.9073236 0.31780794 -0.60453135 -0.59691334 -0.651393 0.37483788 -0.58211184 -0.71671754 -0.39330402 0.6445112 
0.05625574 -0.015335112 -0.013540654 -0.064253785 -0.046421144 -0.13588569 -0.011719841 0.091842905 -0.13390695 -0.18690473 0.2292146 0.19491643 0.24109825 -0.0782755 0.03147118 -0.109041706 0.038458854 0.16242045 0.39309472 1.0 -0.019917738 0.05808871 -0.24328987 -0.070579655 -0.102132365 NaN NaN -0.381631 -0.25082654 -0.29352015 -0.086955674 -0.40866572 -0.43354437 -0.3138078 -0.4024009 -0.1735891 0.06873494 -0.11369268 -0.06979321 0.066964984 0.018752541 -0.10639366 0.060039084 -0.24888638 0.18120894 0.32971138 0.050622 0.07610275 0.028702585 0.17794292 0.30040854 0.22756374 0.24203862 0.21588421 0.10623783 0.5104657 0.10685063 -0.001954421 0.36449617 0.413456 
-0.648633 -0.7568201 -0.6839879 -0.76891834 -0.7920146 -0.7938157 -0.76415306 -0.80670214 0.07085948 0.7232704 -0.8046388 -0.59241146 0.035864823 -0.79396546 -0.80121046 -0.7094314 -0.76461965 -0.7573047 -0.7518015 -0.019917738 1.0 0.91325295 0.81423515 0.8292773 0.89136374 NaN NaN 0.8052328 0.7777228 0.71779364 0.08529827 0.6945083 0.6633611 -0.19462314 -0.15456755 0.085695535 -0.17842071 0.64603996 0.22573997 -0.8824105 -0.87064195 -0.8730408 -0.8765492 0.13854499 0.62980205 -0.8148428 -0.8775996 -0.83005756 -0.8290351 -0.7865393 -0.8169689 -0.4773003 0.7448187 0.80217767 0.7642277 -0.3446146 0.6258838 0.86131275 0.62668633 -0.52827513 
-0.5976549 -0.74330163 -0.6695862 -0.7618966 -0.78386855 -0.80687135 -0.7570704 -0.7774269 -0.009244288 0.6201213 -0.7407015 -0.54004884 0.10733179 -0.8159516 -0.8054883 -0.75319934 -0.7741106 -0.7549112 -0.72102994 0.05808871 0.91325295 1.0 0.8708491 0.9242578 0.8706284 NaN NaN 0.6761757 0.6994943 0.6195048 0.078056015 0.5491837 0.52591985 -0.21651055 -0.19581176 0.13870108 -0.052849926 0.65592194 0.27794904 -0.8360923 -0.831085 -0.86940396 -0.8540285 0.07352295 0.6939402 -0.7396154 -0.8704092 -0.82160866 -0.83055013 -0.76129806 -0.7748812 -0.443504 0.81331205 0.8433131 0.7441391 -0.28467688 0.6061438 0.816485 0.7289468 -0.42956027 
-0.6343841 -0.7308535 -0.67324525 -0.7383141 -0.7605889 -0.74411047 -0.74753475 -0.79682666 0.041656997 0.62650853 -0.80383307 -0.6774838 -0.14956142 -0.75753564 -0.77953255 -0.65737176 -0.74219835 -0.75301766 -0.7701646 -0.24328987 0.81423515 0.8708491 1.0 0.9330556 0.8685028 NaN NaN 0.84301907 0.798062 0.7543984 0.16094224 0.71559906 0.69744134 -0.07977444 -0.022297064 0.13202205 -0.19119759 0.5859477 0.21043544 -0.8392851 -0.8404183 -0.8004713 -0.8242827 0.25710407 0.53718245 -0.77976304 -0.8290067 -0.79762846 -0.7703878 -0.76971126 -0.78927726 -0.40160507 0.65751696 0.69040734 0.7382008 -0.33211946 0.613488 0.7846651 0.4565879 -0.5704368 
-0.5881243 -0.75410825 -0.69076455 -0.7706886 -0.7936788 -0.8022533 -0.775444 -0.80429095 0.029341184 0.6443169 -0.76886135 -0.6035822 0.020501139 -0.8226671 -0.8253546 -0.7489685 -0.7949193 -0.78912103 -0.7758482 -0.070579655 0.8292773 0.9242578 0.9330556 1.0 0.9367318 NaN NaN 0.7519509 0.78439605 0.70399064 0.13974918 0.6129296 0.59098804 -0.14860493 -0.11591152 0.20789513 -0.039909903 0.6966772 0.32259208 -0.84289426 -0.8416344 -0.8548183 -0.85338175 0.12824565 0.66493183 -0.7703429 -0.88202196 -0.8441729 -0.84000593 -0.7944774 -0.8061772 -0.44348553 0.7680574 0.7966311 0.7291162 -0.33361024 0.57989717 0.7772182 0.62136173 -0.48927224 
-0.62429494 -0.7623386 -0.68916833 -0.7713349 -0.79527444 -0.79003936 -0.7708992 -0.8119315 0.08476568 0.73481315 -0.80508256 -0.61202013 0.017477654 -0.80905753 -0.8195983 -0.7205353 -0.7860176 -0.79465437 -0.8017815 -0.102132365 0.89136374 0.8706284 0.8685028 0.9367318 1.0 NaN NaN 0.833946 0.8474431 0.7765759 0.1468344 0.7038067 0.6701021 -0.14632875 -0.10946401 0.18427955 -0.10478406 0.7279153 0.29596254 -0.88023263 -0.8764514 -0.881609 -0.8925666 0.11489706 0.59743327 -0.85428756 -0.90620965 -0.85768765 -0.8592447 -0.8199633 -0.8546578 -0.4936277 0.7169954 0.7783573 0.7243757 -0.3860509 0.5835004 0.80648935 0.56577 -0.5622941 
NaN NaN NaN NaN NaN NaN NaN NaN NaN NaN NaN NaN NaN NaN NaN NaN NaN NaN NaN NaN NaN NaN NaN NaN NaN NaN NaN NaN NaN NaN NaN NaN NaN NaN NaN NaN NaN NaN NaN NaN NaN NaN NaN NaN NaN NaN NaN NaN NaN NaN NaN NaN NaN NaN NaN NaN NaN NaN NaN NaN 
NaN NaN NaN NaN NaN NaN NaN NaN NaN NaN NaN NaN NaN NaN NaN NaN NaN NaN NaN NaN NaN NaN NaN NaN NaN NaN NaN NaN NaN NaN NaN NaN NaN NaN NaN NaN NaN NaN NaN NaN NaN NaN NaN NaN NaN NaN NaN NaN NaN NaN NaN NaN NaN NaN NaN NaN NaN NaN NaN NaN 
-0.65683186 -0.7199844 -0.6514818 -0.7248327 -0.74769753 -0.71142757 -0.72041434 -0.78244954 0.1959195 0.7315111 -0.8270263 -0.68609524 -0.20613733 -0.721381 -0.7542329 -0.5933396 -0.7119006 -0.73989874 -0.7867929 -0.381631 0.8052328 0.6761757 0.84301907 0.7519509 0.833946 NaN NaN 1.0 0.907319 0.8723626 0.22053412 0.8394689 0.8077061 0.0066886283 0.079707146 0.101554185 -0.28021565 0.57959056 0.223543 -0.82229203 -0.8085323 -0.7358901 -0.77983284 0.35453424 0.46338305 -0.79850566 -0.7885426 -0.7558329 -0.7207303 -0.76894224 -0.81045884 -0.3923934 0.52141154 0.5521232 0.65671545 -0.43097872 0.54657805 0.73677814 0.28583866 -0.6378145 
-0.6303282 -0.8225849 -0.787331 -0.82568026 -0.841349 -0.78474987 -0.8397856 -0.869094 0.31733894 0.7225549 -0.8066862 -0.7795863 -0.29609436 -0.7772895 -0.8338211 -0.6345009 -0.79884744 -0.8370331 -0.84244514 -0.25082654 0.7777228 0.6994943 0.798062 0.78439605 0.8474431 NaN NaN 0.907319 1.0 0.96895814 0.46320724 0.8057704 0.7438507 0.13211665 0.1920226 0.27932012 -0.123667635 0.6363921 0.4156907 -0.81251276 -0.8357741 -0.71715856 -0.71526927 0.43472984 0.58152777 -0.70546246 -0.83499014 -0.8439747 -0.7691268 -0.853569 -0.8093876 -0.25522038 0.55619764 0.53909165 0.6623652 -0.31495255 0.5807691 0.6875673 0.3294766 -0.62793654 
-0.6220742 -0.803874 -0.779214 -0.79657006 -0.8096463 -0.72819835 -0.81843555 -0.8479075 0.33170557 0.6685226 -0.7843398 -0.8137637 -0.40253893 -0.7143702 -0.78726894 -0.5474199 -0.75011003 -0.8077617 -0.8196452 -0.29352015 0.71779364 0.6195048 0.7543984 0.70399064 0.7765759 NaN NaN 0.8723626 0.96895814 1.0 0.5888708 0.86182 0.7634869 0.20155898 0.26549527 0.269851 -0.15580875 0.5620133 0.39599502 -0.7629057 -0.80036294 -0.64030296 -0.63802797 0.48488146 0.49811327 -0.6541848 -0.77907276 -0.8031406 -0.70360893 -0.829833 -0.7636955 -0.17317243 0.47438347 0.45250955 0.63208747 -0.2612557 0.574434 0.6436063 0.22860198 -0.6499396 
-0.3436279 -0.52651644 -0.56799304 -0.4924183 -0.47361252 -0.3320206 -0.5269977 -0.48313767 0.41749385 0.13438538 -0.31001005 -0.6463983 -0.66227543 -0.2735983 -0.38428038 -0.07422117 -0.35928717 -0.47393116 -0.43026772 -0.086955674 0.08529827 0.078056015 0.16094224 0.13974918 0.1468344 NaN NaN 0.22053412 0.46320724 0.5888708 1.0 0.49268043 0.3656944 0.6077574 0.6268446 0.30102062 -0.03440584 0.052563883 0.390441 -0.20328057 -0.31457666 -0.034824252 0.043097496 0.67676616 0.1904849 0.020265115 -0.26614416 -0.3734429 -0.1929647 -0.47252527 -0.2501326 0.4607588 0.088619485 -0.036984596 0.28945926 0.2820802 0.41559005 0.1531118 -0.10334247 -0.37448725 
-0.6273072 -0.7545003 -0.7220338 -0.7403279 -0.7546453 -0.66561437 -0.75854945 -0.80371207 0.36325803 0.7154879 -0.7820573 -0.7873769 -0.41032082 -0.66004306 -0.74223316 -0.5013516 -0.7008974 -0.7677524 -0.80725926 -0.40866572 0.6945083 0.5491837 0.71559906 0.6129296 0.7038067 NaN NaN 0.8394689 0.8057704 0.86182 0.49268043 1.0 0.9458939 0.26088625 0.32450745 0.27763084 -0.19677904 0.54768854 0.3649985 -0.7407 -0.7671609 -0.6070967 -0.6294657 0.48006517 0.4309616 -0.68345976 -0.74628496 -0.7621127 -0.67062885 -0.80256176 -0.76623946 -0.2249087 0.41110387 0.4164385 0.60762036 -0.31399164 0.5397887 0.63952154 0.1606012 -0.6864965 
-0.5955676 -0.73334736 -0.707356 -0.7247557 -0.7373703 -0.6559238 -0.74201226 -0.7821734 0.40194482 0.71679026 -0.7490119 -0.7729954 -0.41095924 -0.6602122 -0.7443886 -0.5226931 -0.7092464 -0.77098686 -0.8064791 -0.43354437 0.6633611 0.52591985 0.69744134 0.59098804 0.6701021 NaN NaN 0.8077061 0.7438507 0.7634869 0.3656944 0.9458939 1.0 0.38167801 0.42627013 0.37860867 -0.12266184 0.55969656 0.41180047 -0.7021135 -0.73401326 -0.585067 -0.6099391 0.5008816 0.434921 -0.6617159 -0.74153364 -0.7626634 -0.6802233 -0.79951304 -0.7645717 -0.24432886 0.38523495 0.39423543 0.5941034 -0.31276333 0.5278146 0.62318736 0.14487402 -0.6667125 
-0.13008569 -0.2391421 -0.30231723 -0.19017029 -0.16909203 -0.015213477 -0.23750079 -0.21504752 0.391701 -0.05696251 -0.09919574 -0.4739257 -0.6896596 -0.0017569298 -0.13391894 0.14307192 -0.12150958 -0.2507567 -0.26623353 -0.3138078 -0.19462314 -0.21651055 -0.07977444 -0.14860493 -0.14632875 NaN NaN 0.0066886283 0.13211665 0.20155898 0.6077574 0.26088625 0.38167801 1.0 0.9711826 0.46513817 0.09606356 -0.12458542 0.36239257 0.10750364 0.0035358858 0.27228773 0.2878441 0.6260302 -0.06776315 0.17619407 -0.0028933 -0.12787734 0.035537574 -0.25511974 -0.071569435 0.47219092 -0.2039309 -0.3182129 0.034332078 0.2721761 0.19669643 -0.09042143 -0.36238402 -0.2941677 
-0.10577496 -0.23836915 -0.30681136 -0.1886341 -0.17291519 -0.012053163 -0.25383607 -0.24869044 0.36624748 -0.032109864 -0.1641344 -0.52316713 -0.7264346 -0.019609269 -0.16333137 0.12949248 -0.14230514 -0.27440017 -0.31101677 -0.4024009 -0.15456755 -0.19581176 -0.022297064 -0.11591152 -0.10946401 NaN NaN 0.079707146 0.1920226 0.26549527 0.6268446 0.32450745 0.42627013 0.9711826 1.0 0.5179343 0.11892722 -0.08541327 0.391432 0.09196844 -0.006280308 0.27163103 0.26577827 0.6366256 -0.07704494 0.11755759 -0.026431581 -0.16317777 0.001558171 -0.29449403 -0.12524216 0.3912077 -0.22476067 -0.33218667 0.029780384 0.17785135 0.18644786 -0.06706904 -0.3904637 -0.3484909 
0.14980382 -0.24189223 -0.30959126 -0.28509104 -0.2847627 -0.29387918 -0.32372832 -0.24811383 0.4409493 0.2945643 -0.08648867 -0.30306476 -0.19845733 -0.41000095 -0.4608518 -0.457723 -0.4887576 -0.4904554 -0.4190608 -0.1735891 0.085695535 0.13870108 0.13202205 0.20789513 0.18427955 NaN NaN 0.101554185 0.27932012 0.269851 0.30102062 0.27763084 0.37860867 0.46513817 0.5179343 1.0 0.81771946 0.5530196 0.8544976 0.035769414 -0.06367299 -0.06263214 -0.023943992 0.16529737 0.37460136 -0.0537092 -0.36514366 -0.453085 -0.47131076 -0.46660146 -0.3906528 -0.22917114 -0.0277238 -0.07083929 -0.075164266 -0.27617145 -0.07676242 -0.022448888 -0.023048282 -0.1735943 
0.5112622 0.16230023 0.09275718 0.08139651 0.08777757 -0.023319462 0.06766896 0.17676553 0.22212572 0.019530408 0.3168001 0.19337307 0.1950491 -0.17094596 -0.14081685 -0.33465052 -0.19886552 -0.12880531 -0.009413977 0.06873494 -0.17842071 -0.052849926 -0.19119759 -0.039909903 -0.10478406 NaN NaN -0.28021565 -0.123667635 -0.15580875 -0.03440584 -0.19677904 -0.12266184 0.09606356 0.11892722 0.81771946 1.0 0.38794667 0.6700459 0.37520382 0.29747504 0.13533744 0.1936474 -0.23805319 0.26323885 0.23487662 -0.04906291 -0.09406842 -0.21617806 -0.06457641 -0.06315283 -0.27451935 -0.14697391 -0.17144763 -0.3975151 -0.26275042 -0.43034056 -0.3182536 4.0350028E-4 0.24189202 
-0.26460263 -0.5662571 -0.50756574 -0.6065814 -0.63162094 -0.677676 -0.6005331 -0.5992219 0.26362216 0.762165 -0.5533058 -0.3297551 0.25525534 -0.74764556 -0.74276143 -0.76371825 -0.73695076 -0.7074842 -0.68977076 -0.11369268 0.64603996 0.65592194 0.5859477 0.6966772 0.7279153 NaN NaN 0.57959056 0.6363921 0.5620133 0.052563883 0.54768854 0.55969656 -0.12458542 -0.08541327 0.5530196 0.38794667 1.0 0.72443813 -0.6054981 -0.5747885 -0.68612343 -0.6940533 -0.02584271 0.7284874 -0.6520041 -0.7801965 -0.74681616 -0.8063049 -0.7092749 -0.7748178 -0.62258023 0.45419183 0.50350183 0.3098064 -0.60143703 0.17234597 0.46516663 0.42065656 -0.32428786 
-0.054919984 -0.45576906 -0.4801446 -0.4875402 -0.48585883 -0.4892963 -0.5012186 -0.42057478 0.48791698 0.45951065 -0.23413168 -0.3404234 -0.06608825 -0.57084894 -0.61174816 -0.57051295 -0.6223075 -0.62466794 -0.54170954 -0.06979321 0.22573997 0.27794904 0.21043544 0.32259208 0.29596254 NaN NaN 0.223543 0.4156907 0.39599502 0.390441 0.3649985 0.41180047 0.36239257 0.391432 0.8544976 0.6700459 0.72443813 1.0 -0.15120819 -0.21421184 -0.21525793 -0.15782489 0.22384632 0.6046835 -0.150678 -0.5018627 -0.5751916 -0.5810656 -0.6098553 -0.5298645 -0.24232231 0.15810016 0.11428209 0.08783817 -0.27134103 0.06640484 0.13370171 0.16899945 -0.21316649 
0.7469204 0.8349076 0.7463342 0.8271868 0.85150486 0.80911493 0.8235688 0.88008755 -0.14419541 -0.7491524 0.8533662 0.64544284 0.029528841 0.736145 0.76151705 0.6040119 0.71519977 0.73463726 0.75405693 0.066964984 -0.8824105 -0.8360923 -0.8392851 -0.84289426 -0.88023263 NaN NaN -0.82229203 -0.81251276 -0.7629057 -0.20328057 -0.7407 -0.7021135 0.10750364 0.09196844 0.035769414 0.37520382 -0.6054981 -0.15120819 1.0 0.9619486 0.9030533 0.9067694 -0.25612387 -0.6002548 0.82486427 0.85670155 0.80538446 0.7306765 0.7507697 0.7358714 0.28499344 -0.75343853 -0.7779647 -0.80296826 0.23649873 -0.6983684 -0.842823 -0.57304436 0.49357185 
0.7628752 0.89117396 0.8356878 0.897925 0.91163987 0.87060255 0.89549994 0.9136604 -0.26679066 -0.75671214 0.79683805 0.72592884 0.1521399 0.7924114 0.828691 0.66062444 0.7996718 0.818632 0.7845392 0.018752541 -0.87064195 -0.831085 -0.8404183 -0.8416344 -0.8764514 NaN NaN -0.8085323 -0.8357741 -0.80036294 -0.31457666 -0.7671609 -0.73401326 0.0035358858 -0.006280308 -0.06367299 0.29747504 -0.5747885 -0.21421184 0.9619486 1.0 0.90555894 0.86391115 -0.3310377 -0.61924374 0.75143766 0.89311904 0.86708707 0.7851997 0.8096406 0.74319756 0.20857717 -0.7700375 -0.7742269 -0.8591286 0.11416688 -0.7787248 -0.8649518 -0.5668366 0.48911607 
0.6412219 0.74881035 0.6567047 0.7996618 0.8197664 0.8775793 0.7476685 0.74418175 -0.13770863 -0.75706625 0.67747235 0.45116058 -0.19133177 0.8352501 0.79588544 0.7937369 0.7872889 0.7304053 0.65486014 -0.10639366 -0.8730408 -0.86940396 -0.8004713 -0.8548183 -0.881609 NaN NaN -0.7358901 -0.71715856 -0.64030296 -0.034824252 -0.6070967 -0.585067 0.27228773 0.27163103 -0.06263214 0.13533744 -0.68612343 -0.21525793 0.9030533 0.90555894 1.0 0.9615995 0.014902532 -0.64745295 0.7759229 0.8975546 0.8061 0.8246383 0.68763965 0.6993005 0.405555 -0.80580795 -0.85295045 -0.76018155 0.23631589 -0.6137164 -0.82081884 -0.6911349 0.31455663 
0.62819916 0.6814438 0.5741114 0.7087289 0.7363563 0.7762658 0.6760496 0.7211374 -0.008950064 -0.7405685 0.7507313 0.43094468 -0.22009334 0.7578651 0.727557 0.7050437 0.70443857 0.67223173 0.669499 0.060039084 -0.8765492 -0.8540285 -0.8242827 -0.85338175 -0.8925666 NaN NaN -0.77983284 -0.71526927 -0.63802797 0.043097496 -0.6294657 -0.6099391 0.2878441 0.26577827 -0.023943992 0.1936474 -0.6940533 -0.15782489 0.9067694 0.86391115 0.9615995 1.0 0.07931954 -0.54183453 0.88555366 0.8635032 0.75652975 0.77077806 0.6562413 0.7179907 0.4821342 -0.7455399 -0.8173065 -0.7116689 0.3631339 -0.5499515 -0.8103691 -0.6377567 0.39252004 
-0.3936515 -0.504316 -0.5445355 -0.45988634 -0.44913074 -0.28762183 -0.49637762 -0.48949915 0.5060274 0.19199954 -0.36262184 -0.6829007 -0.7368828 -0.22409827 -0.3560661 -0.043101974 -0.31491053 -0.43274954 -0.44572276 -0.24888638 0.13854499 0.07352295 0.25710407 0.12824565 0.11489706 NaN NaN 0.35453424 0.43472984 0.48488146 0.67676616 0.48006517 0.5008816 0.6260302 0.6366256 0.16529737 -0.23805319 -0.02584271 0.22384632 -0.25612387 -0.3310377 0.014902532 0.07931954 1.0 0.24673995 0.04898287 -0.19759862 -0.33534622 -0.16399358 -0.46582672 -0.29738444 0.35421908 0.044380076 -0.0658269 0.32734028 0.17859346 0.44398317 0.20293546 -0.2127642 -0.45575422 
-0.30487013 -0.68567795 -0.65543723 -0.7427337 -0.75636 -0.79539233 -0.7238842 -0.6657011 0.41083843 0.6963858 -0.50180084 -0.41765016 0.14658666 -0.8121715 -0.80619234 -0.79476285 -0.7923312 -0.7496596 -0.65066147 0.18120894 0.62980205 0.6939402 0.53718245 0.66493183 0.59743327 NaN NaN 0.46338305 0.58152777 0.49811327 0.1904849 0.4309616 0.434921 -0.06776315 -0.07704494 0.37460136 0.26323885 0.7284874 0.6046835 -0.6002548 -0.61924374 -0.64745295 -0.54183453 0.24673995 1.0 -0.32534388 -0.71899915 -0.74814165 -0.7727227 -0.7246465 -0.6843694 -0.34267685 0.68941164 0.6449251 0.4855204 -0.29277363 0.34411097 0.49485648 0.5488798 -0.21849836 
0.58679074 0.58910316 0.4960582 0.57003284 0.59820664 0.5796302 0.57820314 0.67837346 0.055380538 -0.69793147 0.7892652 0.4606156 -0.12750106 0.59725666 0.6176809 0.5276626 0.587065 0.6137029 0.7118384 0.32971138 -0.8148428 -0.7396154 -0.77976304 -0.7703429 -0.85428756 NaN NaN -0.79850566 -0.70546246 -0.6541848 0.020265115 -0.68345976 -0.6617159 0.17619407 0.11755759 -0.0537092 0.23487662 -0.6520041 -0.150678 0.82486427 0.75143766 0.7759229 0.88555366 0.04898287 -0.32534388 1.0 0.7871196 0.68727905 0.6761654 0.6577422 0.7606598 0.5536305 -0.57363486 -0.671487 -0.59140766 0.5084369 -0.46561474 -0.755926 -0.4888666 0.52252156 
0.6357143 0.85472864 0.8019093 0.8923151 0.90711814 0.92530704 0.8755372 0.8627963 -0.29893002 -0.8198998 0.75688773 0.6405014 0.002934445 0.92842835 0.9412439 0.8662384 0.9350551 0.92121315 0.8620153 0.050622 -0.8775996 -0.8704092 -0.8290067 -0.88202196 -0.90620965 NaN NaN -0.7885426 -0.83499014 -0.77907276 -0.26614416 -0.74628496 -0.74153364 -0.0028933 -0.026431581 -0.36514366 -0.04906291 -0.7801965 -0.5018627 0.85670155 0.89311904 0.8975546 0.8635032 -0.19759862 -0.71899915 0.7871196 1.0 0.9642146 0.9545893 0.9090945 0.8812379 0.4272443 -0.76991314 -0.7921454 -0.7661783 0.28829062 -0.659084 -0.8392543 -0.64354086 0.4621615 
0.5966914 0.877761 0.8571127 0.90877324 0.92435414 0.9073341 0.9150001 0.8921321 -0.39243633 -0.8004411 0.7470777 0.72804654 0.1353456 0.9094539 0.96135527 0.82517666 0.9464543 0.95308423 0.893729 0.07610275 -0.83005756 -0.82160866 -0.79762846 -0.8441729 -0.85768765 NaN NaN -0.7558329 -0.8439747 -0.8031406 -0.3734429 -0.7621127 -0.7626634 -0.12787734 -0.16317777 -0.453085 -0.09406842 -0.74681616 -0.5751916 0.80538446 0.86708707 0.8061 0.75652975 -0.33534622 -0.74814165 0.68727905 0.9642146 1.0 0.9518249 0.95084524 0.8784205 0.35396042 -0.7219113 -0.71968704 -0.7578215 0.23329797 -0.6767286 -0.80250984 -0.5784799 0.5022683 
0.49770615 0.75414157 0.71523017 0.81806356 0.8393321 0.88908386 0.79964006 0.7642563 -0.3349184 -0.80846703 0.6516909 0.5535298 -0.061847076 0.9357814 0.9375952 0.91885364 0.9422704 0.90181816 0.8174423 0.028702585 -0.8290351 -0.83055013 -0.7703878 -0.84000593 -0.8592447 NaN NaN -0.7207303 -0.7691268 -0.70360893 -0.1929647 -0.67062885 -0.6802233 0.035537574 0.001558171 -0.47131076 -0.21617806 -0.8063049 -0.5810656 0.7306765 0.7851997 0.8246383 0.77077806 -0.16399358 -0.7727227 0.6761654 0.9545893 0.9518249 1.0 0.89534634 0.89421046 0.550908 -0.7025759 -0.7407226 -0.66509145 0.3556454 -0.54440904 -0.7570241 -0.6145682 0.4328507 
0.60752827 0.88280344 0.8656753 0.88543314 0.89199746 0.8337782 0.90526915 0.90151936 -0.41573074 -0.7794885 0.7870032 0.7980096 0.2495605 0.86348015 0.93682325 0.73516065 0.90377223 0.96088433 0.9429858 0.17794292 -0.7865393 -0.76129806 -0.76971126 -0.7944774 -0.8199633 NaN NaN -0.76894224 -0.853569 -0.829833 -0.47252527 -0.80256176 -0.79951304 -0.25511974 -0.29449403 -0.46660146 -0.06457641 -0.7092749 -0.6098553 0.7507697 0.8096406 0.68763965 0.6562413 -0.46582672 -0.7246465 0.6577422 0.9090945 0.95084524 0.89534634 1.0 0.9294332 0.31956583 -0.642842 -0.63637686 -0.7107207 0.27159745 -0.6493192 -0.7570542 -0.4650105 0.6209977 
0.52061427 0.7251549 0.6712623 0.7343611 0.7565875 0.74150467 0.75513875 0.7880321 -0.28073043 -0.8046653 0.78836894 0.6313175 0.038127843 0.8201342 0.8603013 0.7365379 0.8325455 0.8698765 0.9073236 0.30040854 -0.8169689 -0.7748812 -0.78927726 -0.8061772 -0.8546578 NaN NaN -0.81045884 -0.8093876 -0.7636955 -0.2501326 -0.76623946 -0.7645717 -0.071569435 -0.12524216 -0.3906528 -0.06315283 -0.7748178 -0.5298645 0.7358714 0.74319756 0.6993005 0.7179907 -0.29738444 -0.6843694 0.7606598 0.8812379 0.8784205 0.89421046 0.9294332 1.0 0.5883084 -0.5798736 -0.63672096 -0.5938774 0.5312851 -0.48845896 -0.72627056 -0.4453884 0.6515137 
-0.071275525 0.014840814 -0.055318538 0.06983278 0.11368587 0.23261239 0.071382456 0.12653029 0.08394154 -0.49656606 0.2791214 -0.099614404 -0.52896994 0.38206974 0.31741512 0.50662935 0.33308756 0.25480717 0.31780794 0.22756374 -0.4773003 -0.443504 -0.40160507 -0.44348553 -0.4936277 NaN NaN -0.3923934 -0.25522038 -0.17317243 0.4607588 -0.2249087 -0.24432886 0.47219092 0.3912077 -0.22917114 -0.27451935 -0.62258023 -0.24232231 0.28499344 0.20857717 0.405555 0.4821342 0.35421908 -0.34267685 0.5536305 0.4272443 0.35396042 0.550908 0.31956583 0.5883084 1.0 -0.1950848 -0.355557 -0.013215717 0.8032221 0.16479552 -0.27364674 -0.3128774 0.1804804 
-0.59438705 -0.73950124 -0.6802579 -0.7631957 -0.769949 -0.8020136 -0.7352153 -0.7128726 0.11023838 0.60260886 -0.5990299 -0.42772424 0.1701429 -0.75622576 -0.74017096 -0.70533925 -0.72148466 -0.6879784 -0.60453135 0.24203862 0.7448187 0.81331205 0.65751696 0.7680574 0.7169954 NaN NaN 0.52141154 0.55619764 0.47438347 0.088619485 0.41110387 0.38523495 -0.2039309 -0.22476067 -0.0277238 -0.14697391 0.45419183 0.15810016 -0.75343853 -0.7700375 -0.80580795 -0.7455399 0.044380076 0.68941164 -0.57363486 -0.76991314 -0.7219113 -0.7025759 -0.642842 -0.5798736 -0.1950848 1.0 0.9546934 0.79718643 -0.033557642 0.6542894 0.77263063 0.76695246 -0.2373206 
-0.5871057 -0.6854776 -0.60985357 -0.7106868 -0.72195166 -0.772734 -0.67984086 -0.6764816 0.024057392 0.6367075 -0.6150212 -0.36768177 0.27536425 -0.7493728 -0.7176806 -0.71773106 -0.7008411 -0.658279 -0.59691334 0.21588421 0.80217767 0.8433131 0.69040734 0.7966311 0.7783573 NaN NaN 0.5521232 0.53909165 0.45250955 -0.036984596 0.4164385 0.39423543 -0.3182129 -0.33218667 -0.07083929 -0.17144763 0.50350183 0.11428209 -0.7779647 -0.7742269 -0.85295045 -0.8173065 -0.0658269 0.6449251 -0.671487 -0.7921454 -0.71968704 -0.7407226 -0.63637686 -0.63672096 -0.355557 0.9546934 1.0 0.8079197 -0.1265803 0.6217228 0.80913633 0.80845034 -0.26268548 
-0.7860114 -0.832052 -0.80611 -0.83141667 -0.82653177 -0.79123175 -0.82231385 -0.8197488 0.115154594 0.5274167 -0.6986334 -0.6933276 -0.2272988 -0.70872855 -0.73903656 -0.56639725 -0.71077204 -0.71982074 -0.651393 0.10623783 0.7642277 0.7441391 0.7382008 0.7291162 0.7243757 NaN NaN 0.65671545 0.6623652 0.63208747 0.28945926 0.60762036 0.5941034 0.034332078 0.029780384 -0.075164266 -0.3975151 0.3098064 0.08783817 -0.80296826 -0.8591286 -0.76018155 -0.7116689 0.32734028 0.4855204 -0.59140766 -0.7661783 -0.7578215 -0.66509145 -0.7107207 -0.5938774 -0.013215717 0.79718643 0.8079197 1.0 0.20304848 0.9084218 0.89023197 0.6223448 -0.41144386 
-0.12257111 -0.011175554 -0.08751947 0.0011342772 0.04751487 0.08903711 0.023556447 0.12129594 -0.008334407 -0.47864664 0.3345415 -0.02851579 -0.3631686 0.24051614 0.22770707 0.31222466 0.21077755 0.21327537 0.37483788 0.5104657 -0.3446146 -0.28467688 -0.33211946 -0.33361024 -0.3860509 NaN NaN -0.43097872 -0.31495255 -0.2612557 0.2820802 -0.31399164 -0.31276333 0.2721761 0.17785135 -0.27617145 -0.26275042 -0.60143703 -0.27134103 0.23649873 0.11416688 0.23631589 0.3631339 0.17859346 -0.29277363 0.5084369 0.28829062 0.23329797 0.3556454 0.27159745 0.5312851 0.8032221 -0.033557642 -0.1265803 0.20304848 1.0 0.37497252 -0.058774497 -0.0070157764 0.35228136 
-0.78085786 -0.7906548 -0.7851484 -0.7807672 -0.766856 -0.70168364 -0.774505 -0.75987434 0.15705031 0.39627954 -0.6062796 -0.6978337 -0.3508016 -0.5859912 -0.64090836 -0.41527507 -0.621535 -0.65351784 -0.58211184 0.10685063 0.6258838 0.6061438 0.613488 0.57989717 0.5835004 NaN NaN 0.54657805 0.5807691 0.574434 0.41559005 0.5397887 0.5278146 0.19669643 0.18644786 -0.07676242 -0.43034056 0.17234597 0.06640484 -0.6983684 -0.7787248 -0.6137164 -0.5499515 0.44398317 0.34411097 -0.46561474 -0.659084 -0.6767286 -0.54440904 -0.6493192 -0.48845896 0.16479552 0.6542894 0.6217228 0.9084218 0.37497252 1.0 0.8676782 0.51797557 -0.3775826 
-0.764039 -0.7948728 -0.74523115 -0.80202127 -0.8071047 -0.7947613 -0.78707373 -0.80693865 0.0813492 0.64560777 -0.7535003 -0.61645633 -0.03741852 -0.74600446 -0.7664627 -0.6362421 -0.74386823 -0.7438379 -0.71671754 -0.001954421 0.86131275 0.816485 0.7846651 0.7772182 0.80648935 NaN NaN 0.73677814 0.6875673 0.6436063 0.1531118 0.63952154 0.62318736 -0.09042143 -0.06706904 -0.022448888 -0.3182536 0.46516663 0.13370171 -0.842823 -0.8649518 -0.82081884 -0.8103691 0.20293546 0.49485648 -0.755926 -0.8392543 -0.80250984 -0.7570241 -0.7570542 -0.72627056 -0.27364674 0.77263063 0.80913633 0.89023197 -0.058774497 0.8676782 1.0 0.70791155 -0.46436405 
-0.44871503 -0.52555984 -0.4755067 -0.56723726 -0.56820637 -0.6496913 -0.5289319 -0.49634936 -0.04254956 0.45511076 -0.3964064 -0.15807705 0.4236693 -0.617346 -0.5651236 -0.6360783 -0.57050514 -0.4941186 -0.39330402 0.36449617 0.62668633 0.7289468 0.4565879 0.62136173 0.56577 NaN NaN 0.28583866 0.3294766 0.22860198 -0.10334247 0.1606012 0.14487402 -0.36238402 -0.3904637 -0.023048282 4.0350028E-4 0.42065656 0.16899945 -0.57304436 -0.5668366 -0.6911349 -0.6377567 -0.2127642 0.5488798 -0.4888666 -0.64354086 -0.5784799 -0.6145682 -0.4650105 -0.4453884 -0.3128774 0.76695246 0.80845034 0.6223448 -0.0070157764 0.51797557 0.70791155 1.0 0.0141068585 
0.5810468 0.51862514 0.4607673 0.4373405 0.46302348 0.33941713 0.48896626 0.58289135 -0.17559287 -0.4688114 0.66134894 0.6280869 0.3853205 0.36673653 0.4668941 0.21131444 0.39715734 0.51319796 0.6445112 0.413456 -0.52827513 -0.42956027 -0.5704368 -0.48927224 -0.5622941 NaN NaN -0.6378145 -0.62793654 -0.6499396 -0.37448725 -0.6864965 -0.6667125 -0.2941677 -0.3484909 -0.1735943 0.24189202 -0.32428786 -0.21316649 0.49357185 0.48911607 0.31455663 0.39252004 -0.45575422 -0.21849836 0.52252156 0.4621615 0.5022683 0.4328507 0.6209977 0.6515137 0.1804804 -0.2373206 -0.26268548 -0.41144386 0.35228136 -0.3775826 -0.46436405 0.0141068585 1.0 
