1.0 0.84866756 0.74203795 0.60357785 0.6549491 0.5575328 0.619162 0.04747994 -0.2655401 -0.25252336 -0.31623477 -0.3348391 -0.29762515 -0.29277718 -0.11217669 0.074881405 -0.1871608 -0.33865142 -0.19123904 0.20873986 0.28309482 0.007133 -0.35524046 -0.42605996 -0.43201512 -0.3987838 -0.26894394 -0.13960403 -0.33174813 -0.374247 -0.40596372 -0.34293523 -0.09207406 0.44051966 0.4972479 0.49650884 0.5121024 0.43760493 0.30928308 -0.16596623 -0.11616043 -0.1054226 NaN -0.23948334 -0.18241413 0.0077284425 NaN -0.27945727 NaN NaN NaN NaN NaN NaN NaN NaN NaN NaN NaN NaN NaN NaN NaN NaN NaN NaN -0.086158134 -0.2407107 -0.1590495 -0.2195591 -0.1513118 0.3323872 0.071353726 -0.013450852 0.09316902 0.005605633 -0.2100064 0.03270752 -0.053661212 0.3139202 0.119713314 -0.2539099 -0.22765052 -0.38162217 -0.37024668 -0.32755694 0.3660324 0.39798036 0.5452145 0.17142533 0.28988504 0.40491942 0.4824793 0.51235765 0.55416906 0.50390035 0.555678 0.48928016 0.48100245 0.4391146 0.5158404 0.587942 0.3775928 -0.09691581 -0.280852 -0.42789662 -0.41147816 -0.25869235 -0.12187415 -0.27512315 -0.10353463 0.03428602 0.2367478 -0.022425352 0.1916467 0.22803898 0.3138182 0.19856693 -0.29189658 -0.17010461 -0.27435082 -0.37527797 -0.20969723 0.22553222 0.29158425 0.19676517 0.18990614 0.26182562 0.26016626 0.30691147 0.20191132 0.14964905 0.20092854 0.2559399 0.25626588 0.27336884 0.2719196 0.30449423 0.30248255 0.1781247 0.23577543 0.058564935 
0.84866756 1.0 0.87805814 0.80572265 0.7406863 0.6069049 0.6432517 0.2951372 -0.020243403 2.0506555E-4 -0.053541355 -0.09900974 -0.02985019 -0.05005692 0.15201743 0.2958767 0.06655969 -0.0914917 0.031299856 0.35630375 0.36311972 0.19497392 -0.11697789 -0.20703545 -0.23613451 -0.19886555 -0.052879214 0.038382694 -0.14423043 -0.16173024 -0.17239241 -0.10082282 0.08299194 0.32728714 0.30661133 0.29519832 0.36398512 0.3767637 0.3392303 0.027277177 -0.11235981 -0.093853585 NaN 0.03582102 -0.1132752 0.11425938 NaN -0.04813504 NaN NaN NaN NaN NaN NaN NaN NaN NaN NaN NaN NaN NaN NaN NaN NaN NaN NaN 0.033769704 -0.17981607 -0.03759476 -0.0364797 -0.1525498 0.27064076 0.034397315 0.022964286 0.15213454 0.09587432 -0.09879062 0.1108364 0.0023304657 0.30862805 0.14863119 -0.1838721 -0.12797728 -0.25037006 -0.25979045 -0.26543155 0.24352622 0.24342708 0.35385647 0.019856032 0.120971695 0.20372014 0.27385315 0.28732482 0.31687558 0.30012524 0.29297194 0.31157264 0.27401388 0.23763746 0.32963085 0.35266984 0.30693033 -0.04745434 -0.21427077 -0.32530925 -0.31517512 -0.25908342 -0.12395607 -0.265542 -0.18132177 -0.113966756 0.04564536 -0.0551991 0.07119183 0.07284562 0.054578707 -0.00952911 -0.31511 -0.24230047 -0.32465094 -0.37937376 -0.2816902 0.06271222 0.032657024 -0.03573522 0.03753932 0.057023704 0.010567558 0.03329755 -0.013107004 -0.05603083 -0.028542642 -0.015106083 0.00395847 0.015393799 0.019917503 0.028251845 0.02839098 -0.02137547 -0.010753453 -0.20838872 
0.74203795 0.87805814 1.0 0.91960436 0.68163484 0.4638978 0.57332647 0.52662176 0.13618667 0.17966351 0.050137967 -0.044554662 0.0967879 0.073078044 0.31150067 0.39491016 0.07467785 -0.0012074533 0.19819315 0.47347954 0.38662156 0.36361483 0.03977656 -0.1440966 -0.19174874 -0.13441762 0.069410115 0.20226744 0.004220712 -0.0136553515 -0.034694374 0.06408023 0.26924115 0.23608032 0.14892638 0.11933872 0.25623146 0.29598832 0.3612707 0.06521577 -0.10272817 -0.16476463 NaN 0.06764444 -0.2047379 0.0642255 NaN -0.13431413 NaN NaN NaN NaN NaN NaN NaN NaN NaN NaN NaN NaN NaN NaN NaN NaN NaN NaN 0.06455301 -0.18423522 -0.057680674 0.004388957 -0.12750745 0.24413146 0.06551998 0.08839125 0.18858579 0.15687487 -0.028361704 0.1796603 0.054026693 0.33859518 0.18010628 -0.1541345 -0.09431913 -0.2876747 -0.2979877 -0.24829355 0.2799857 0.22741269 0.32830626 0.0013309201 0.04751393 0.1493727 0.19805856 0.20346685 0.22443354 0.2008689 0.17870401 0.22806352 0.16885982 0.123798475 0.2754982 0.34190145 0.35418513 0.13691258 -0.1050582 -0.28468993 -0.22490747 -0.1306141 -0.020899 -0.182595 -0.07977551 0.021886175 0.15093571 -0.02103335 0.06878269 0.075511545 0.11389523 0.08862887 -0.20236279 -0.120796144 -0.19423166 -0.2696178 -0.16253932 0.15569681 0.06986298 0.00892768 0.069308385 0.05123545 -0.014112554 -0.054567542 -0.12396064 -0.18051508 -0.15050915 -0.13987954 -0.08823192 -0.09770081 -0.11062103 -0.10642589 -0.08330327 -0.13646676 -0.116358735 -0.33912617 
0.60357785 0.80572265 0.91960436 1.0 0.588287 0.37079558 0.46367332 0.6216589 0.3035538 0.34344187 0.2254634 0.10267011 0.27621174 0.2273259 0.43886647 0.4263346 0.14663045 0.1410978 0.28577003 0.44897258 0.3339252 0.410936 0.1827189 -0.012330499 -0.054992795 -0.009268833 0.16931261 0.26680723 0.11398819 0.10798216 0.099417605 0.19804984 0.30313382 0.090690896 0.011924715 -0.007865708 0.113393 0.17661913 0.2975402 0.19700831 -0.13976488 -0.21771988 NaN 0.1397332 -0.13087122 0.06403109 NaN -0.07664422 NaN NaN NaN NaN NaN NaN NaN NaN NaN NaN NaN NaN NaN NaN NaN NaN NaN NaN 0.24025017 -0.01840847 0.103070825 0.19427651 -0.007873962 0.11402937 0.009598027 0.08333408 0.12197389 0.14887047 0.03117303 0.16307265 0.05870774 0.23614003 0.110491954 -0.117304265 -0.05931456 -0.18909147 -0.21186455 -0.1811898 0.11242538 0.060223226 0.13409051 -0.09691478 -0.09265764 0.029279899 0.036782734 0.02851572 0.056529693 0.04209306 0.020861266 0.0705906 0.022314262 -0.019292586 0.11304484 0.14831711 0.23183955 0.19852573 -0.0299346 -0.15046494 -0.0953111 -0.09075583 -0.043608118 -0.15118656 -0.11485571 -0.06926185 0.0049495357 -0.10337571 -0.05943739 -0.06053062 -0.050272685 -0.054991804 -0.17115603 -0.14180021 -0.16802351 -0.21200576 -0.16861486 0.018037386 -0.09199866 -0.11958552 -0.039849557 -0.08441054 -0.14813896 -0.1890933 -0.21747637 -0.2640394 -0.25617158 -0.24908145 -0.20416452 -0.21551241 -0.22748476 -0.23532061 -0.19777176 -0.22668688 -0.25142422 -0.3988311 
0.6549491 0.7406863 0.68163484 0.588287 1.0 0.91190016 0.928326 0.08885054 -0.30305168 -0.20841117 -0.32382765 -0.3682195 -0.28895855 -0.32970554 -0.045845143 0.22995919 -0.18264878 -0.40110824 -0.21643119 0.46308896 0.6241572 0.2085101 -0.40365073 -0.50682026 -0.53714 -0.5054649 -0.27923146 -0.10773325 -0.4151278 -0.41229475 -0.43339008 -0.3370848 -0.085786454 0.6272979 0.5443662 0.5114443 0.6223085 0.6684602 0.40779093 -0.19620015 -0.33664057 -0.1575525 NaN -0.21918796 -0.2999003 0.08108138 NaN -0.20777766 NaN NaN NaN NaN NaN NaN NaN NaN NaN NaN NaN NaN NaN NaN NaN NaN NaN NaN -0.069429815 -0.28457192 -0.17249465 -0.1701863 -0.13940968 0.28755993 -0.23968996 -0.3165257 0.03737077 -0.102593094 -0.4697029 -0.1964821 -0.40677917 0.11668546 -0.17892241 -0.58049804 -0.5049337 -0.6260065 -0.6381432 -0.67087233 0.2473035 0.2232738 0.5367373 -0.28853685 -0.039700612 -0.062190577 0.56561893 0.45266905 0.49850693 0.61592984 0.455587 0.64108163 0.5659136 0.5106265 0.66853803 0.5345821 0.68744373 -0.32584026 -0.54506135 -0.6536617 -0.62941444 -0.44648826 -0.19650371 -0.48937416 -0.44288203 -0.20434584 0.26664403 0.31453186 0.5467416 0.43473184 0.2185597 0.1614898 -0.56064457 -0.38897705 -0.5272758 -0.6062696 -0.4944742 0.31334835 0.27762985 0.30752206 0.48299313 0.5218937 0.43871716 0.41544312 0.39270988 0.33915356 0.3758225 0.3242708 0.41661116 0.37726972 0.36679733 0.29890767 0.29163584 0.3783469 0.378407 0.0694746 
0.5575328 0.6069049 0.4638978 0.37079558 0.91190016 1.0 0.9596321 -0.17770712 -0.4995227 -0.41343588 -0.4717661 -0.47820076 -0.44330472 -0.49484688 -0.24129091 0.09974427 -0.2535736 -0.518362 -0.41260207 0.33630335 0.6158684 0.07027478 -0.53420335 -0.56188023 -0.5778549 -0.5701233 -0.3887361 -0.25300553 -0.5584852 -0.54201406 -0.55290157 -0.4969371 -0.2735994 0.6922735 0.6434755 0.6204655 0.6887565 0.72129214 0.34058243 -0.26536575 -0.2996751 -0.07199395 NaN -0.298732 -0.24480173 0.10933487 NaN -0.19319975 NaN NaN NaN NaN NaN NaN NaN NaN NaN NaN NaN NaN NaN NaN NaN NaN NaN NaN -0.06584959 -0.22091928 -0.1433949 -0.22277527 -0.05523602 0.28713846 -0.3061527 -0.41809472 -0.050502826 -0.20897439 -0.57874215 -0.31517744 -0.5173239 0.01457196 -0.26624873 -0.62715816 -0.5680045 -0.63426346 -0.638168 -0.6906464 0.21642986 0.17712852 0.5274028 -0.36048946 -0.06525856 -0.12047891 0.6164952 0.45914975 0.5201526 0.69127566 0.5029325 0.69222337 0.6209609 0.5767102 0.715467 0.5054538 0.6670429 -0.46681315 -0.61959004 -0.65083516 -0.65437335 -0.47090584 -0.21423835 -0.5075978 -0.5121807 -0.25716296 0.24469289 0.34616163 0.6190799 0.5027625 0.23940821 0.15705493 -0.5858551 -0.41238353 -0.54897213 -0.61366284 -0.51736623 0.32077685 0.28995824 0.34976715 0.52762 0.58579904 0.50959724 0.5083007 0.53493494 0.49289215 0.51377237 0.45018864 0.5294561 0.49645996 0.49831623 0.40579212 0.3989443 0.52823544 0.49698326 0.19501838 
0.619162 0.6432517 0.57332647 0.46367332 0.928326 0.9596321 1.0 -0.04258112 -0.43609145 -0.3391374 -0.4269338 -0.45214432 -0.38882163 -0.44430703 -0.16343324 0.1690261 -0.24308433 -0.48409307 -0.35093403 0.41119307 0.64054114 0.14885008 -0.48975444 -0.55117023 -0.57012224 -0.55476695 -0.3277221 -0.1644599 -0.5090051 -0.5012167 -0.521819 -0.45048234 -0.1942461 0.663089 0.57967573 0.5465951 0.6561809 0.705958 0.39133924 -0.2466658 -0.30265087 -0.14188181 NaN -0.31256932 -0.2791074 0.10387224 NaN -0.26322848 NaN NaN NaN NaN NaN NaN NaN NaN NaN NaN NaN NaN NaN NaN NaN NaN NaN NaN -0.003318154 -0.2098358 -0.101192735 -0.16203621 -0.013799771 0.31554398 -0.27302977 -0.38240406 -0.03630282 -0.19460365 -0.5697594 -0.28293526 -0.49246097 0.061498545 -0.23401365 -0.622593 -0.55840033 -0.6590579 -0.65577567 -0.6793326 0.29453868 0.22252178 0.58304095 -0.32942748 -0.027593872 -0.06434404 0.6245094 0.4605902 0.5291751 0.6898654 0.49760354 0.696065 0.6141796 0.5719109 0.75094885 0.56125104 0.7376803 -0.35914424 -0.5673474 -0.64285976 -0.63108474 -0.42631537 -0.158474 -0.46771014 -0.45334715 -0.16944937 0.31706196 0.3335242 0.62756443 0.53634703 0.30363005 0.23284683 -0.54531837 -0.35752648 -0.5063468 -0.581189 -0.472518 0.38680756 0.32371894 0.36438894 0.52417904 0.5727164 0.48441494 0.45808008 0.4670423 0.41367084 0.44067955 0.37452123 0.47016504 0.43639675 0.43060738 0.33020645 0.33322713 0.4591325 0.45177957 0.11670019 
0.04747994 0.2951372 0.52662176 0.6216589 0.08885054 -0.17770712 -0.04258112 1.0 0.80965066 0.8386767 0.73173124 0.62896085 0.7469622 0.74250114 0.79598653 0.64199555 0.51606226 0.5895392 0.7015674 0.43024114 0.07251833 0.5259087 0.592152 0.38612714 0.32018614 0.36248896 0.48657367 0.5029106 0.4836895 0.48549488 0.49357656 0.5712235 0.55727303 -0.36749732 -0.5083205 -0.5097358 -0.39431322 -0.25615948 0.15669355 0.44233215 0.061025925 -0.012884896 NaN 0.46690625 0.05213382 0.19738889 NaN 0.20852667 NaN NaN NaN NaN NaN NaN NaN NaN NaN NaN NaN NaN NaN NaN NaN NaN NaN NaN 0.20439981 0.04797851 0.118376665 0.374458 -0.043588407 -0.1543059 0.027476532 0.17360681 0.06080234 0.14552307 0.2417572 0.1843066 0.16408691 0.00405737 0.05128644 0.096962035 0.16784932 0.09288414 0.079534195 0.16593271 -0.069930464 -0.23052284 -0.2901838 -0.12209798 -0.2674375 -0.18071923 -0.4465961 -0.4353738 -0.4362078 -0.4547839 -0.46563223 -0.42375058 -0.4541038 -0.4494562 -0.35309014 -0.27645493 -0.09319135 0.48300084 0.37595767 0.24614985 0.32800993 0.2234571 0.15667336 0.1723974 0.15367283 0.04441611 -0.14750709 -0.19093437 -0.36018085 -0.31159297 -0.27515516 -0.1420199 0.17625009 0.1264595 0.15133981 0.15998313 0.116850816 -0.13407263 -0.3260676 -0.36342663 -0.32577 -0.4432366 -0.49562442 -0.58453256 -0.5592803 -0.5637693 -0.59001726 -0.60956657 -0.5765263 -0.60010827 -0.5993498 -0.60955584 -0.5750848 -0.56015575 -0.5383022 -0.5356798 
-0.2655401 -0.020243403 0.13618667 0.3035538 -0.30305168 -0.4995227 -0.43609145 0.80965066 1.0 0.9741302 0.94901085 0.88740647 0.90483266 0.93712497 0.7914015 0.47884598 0.6052643 0.79015607 0.73313296 0.115548 -0.27393585 0.2713126 0.6857425 0.5788525 0.5382927 0.54362637 0.47405323 0.3486317 0.566973 0.57660747 0.6154091 0.6400238 0.42678523 -0.6291762 -0.6481023 -0.6222729 -0.63358766 -0.5618929 -0.13598129 0.5033312 0.11807765 0.025338002 NaN 0.56561553 0.21758495 0.11706514 NaN 0.36251903 NaN NaN NaN NaN NaN NaN NaN NaN NaN NaN NaN NaN NaN NaN NaN NaN NaN NaN 0.16277656 0.09188884 0.17672193 0.41387305 -0.067103826 -0.36068434 0.05561435 0.26478407 0.02484425 0.18358798 0.4715747 0.23688583 0.32265082 -0.10413928 0.07010162 0.3491573 0.3735078 0.44826925 0.40447554 0.44841453 -0.29870477 -0.36244956 -0.54233587 -0.015740484 -0.25427166 -0.17767216 -0.6142998 -0.5677469 -0.5870669 -0.6203766 -0.57215726 -0.60856265 -0.602707 -0.5859486 -0.6146489 -0.5525544 -0.45055604 0.44874638 0.520842 0.5227986 0.55319095 0.28504142 0.07128793 0.27642894 0.21452123 -0.055800706 -0.4286543 -0.34566104 -0.59984004 -0.5764196 -0.5328726 -0.4131549 0.27973625 0.09208575 0.22378577 0.3192943 0.16733657 -0.44670093 -0.5530397 -0.5854902 -0.5908169 -0.6635733 -0.666442 -0.6863999 -0.6058509 -0.55155647 -0.6068501 -0.6121542 -0.6385481 -0.6253193 -0.61404264 -0.6135172 -0.58294684 -0.5605189 -0.6000661 -0.46811533 
-0.25252336 2.0506555E-4 0.17966351 0.34344187 -0.20841117 -0.41343588 -0.3391374 0.8386767 0.9741302 1.0 0.9288384 0.8504701 0.8958856 0.9176369 0.8329908 0.55864054 0.59697723 0.75510347 0.73965746 0.23710693 -0.13613297 0.380092 0.67282957 0.53545845 0.48107666 0.4887259 0.47659248 0.39862105 0.5384638 0.5550089 0.5861501 0.64002454 0.47443354 -0.53784275 -0.6039331 -0.58617437 -0.56539536 -0.4553082 -0.026600048 0.5193089 0.04871923 0.0018846687 NaN 0.55509865 0.16522792 0.17397365 NaN 0.32606933 NaN NaN NaN NaN NaN NaN NaN NaN NaN NaN NaN NaN NaN NaN NaN NaN NaN NaN 0.17685059 0.083595835 0.17240635 0.42678776 -0.036100388 -0.32547426 0.004291485 0.19550344 0.013164167 0.15480727 0.39044937 0.18338032 0.23687945 -0.1209757 0.016995272 0.25613073 0.29050547 0.337793 0.29760963 0.3342768 -0.28186232 -0.36358386 -0.49472937 -0.106493905 -0.31131887 -0.2499412 -0.5760174 -0.55585307 -0.5732671 -0.5741932 -0.5658613 -0.5651474 -0.5768798 -0.5554749 -0.5528019 -0.5310308 -0.35707805 0.41145554 0.44496146 0.43189213 0.47836003 0.24942632 0.067145206 0.22127487 0.15020606 -0.07583973 -0.36830568 -0.2513742 -0.49085814 -0.47965467 -0.48850277 -0.36015338 0.2150691 0.06207906 0.16934653 0.25628102 0.10966576 -0.36772034 -0.50310284 -0.51365864 -0.49174076 -0.57519 -0.5987967 -0.6416036 -0.55940527 -0.5170046 -0.57144684 -0.59478897 -0.60036314 -0.603681 -0.5938499 -0.62025553 -0.58436257 -0.5318667 -0.55822384 -0.45535058 
-0.31623477 -0.053541355 0.050137967 0.2254634 -0.32382765 -0.4717661 -0.4269338 0.73173124 0.94901085 0.9288384 1.0 0.93408066 0.908938 0.92058533 0.7743399 0.52244586 0.7112858 0.85901594 0.7414748 0.14672825 -0.22433111 0.29019183 0.7103573 0.66229886 0.62930095 0.6177969 0.523372 0.35161364 0.56084424 0.58272725 0.63541645 0.63322014 0.41814202 -0.5998173 -0.6356405 -0.6086073 -0.6203524 -0.5225023 -0.09536185 0.5468314 0.13922615 0.11400198 NaN 0.6060635 0.37317994 0.24382445 NaN 0.41645065 NaN NaN NaN NaN NaN NaN NaN NaN NaN NaN NaN NaN NaN NaN NaN NaN NaN NaN 0.19953878 0.10424876 0.2501375 0.4186212 -0.055648614 -0.41229227 -0.035318017 0.15895355 -0.08219836 0.0682475 0.38522968 0.13314778 0.23637885 -0.2044098 -0.009307883 0.31776994 0.3332661 0.47798052 0.42500722 0.4342368 -0.38239264 -0.46046025 -0.6068024 -0.1119029 -0.31260267 -0.24845059 -0.6618967 -0.63396037 -0.64256847 -0.6382486 -0.60700625 -0.64010787 -0.6308804 -0.59326506 -0.6331576 -0.6201334 -0.48823252 0.3745192 0.4916078 0.563585 0.5668882 0.24905466 0.05734928 0.2645298 0.17255184 -0.10722933 -0.4775909 -0.32251522 -0.5782313 -0.5320321 -0.5422565 -0.43555176 0.28003874 0.07742741 0.20953162 0.33137167 0.14085427 -0.4571161 -0.5731444 -0.5941107 -0.59985846 -0.67504555 -0.67954415 -0.698961 -0.60039586 -0.5509387 -0.60812855 -0.6230009 -0.64731914 -0.63811314 -0.61986643 -0.6240683 -0.59671575 -0.5624701 -0.58904207 -0.46482852 
-0.3348391 -0.09900974 -0.044554662 0.10267011 -0.3682195 -0.47820076 -0.45214432 0.62896085 0.88740647 0.8504701 0.93408066 1.0 0.9080183 0.94151986 0.7403666 0.49700153 0.7634839 0.89151806 0.71642876 0.09382063 -0.24927464 0.21045795 0.6432375 0.67070836 0.64251035 0.6114779 0.46246812 0.25691864 0.5113915 0.53680694 0.57910746 0.5588828 0.33151904 -0.58698964 -0.5996225 -0.5686501 -0.5937029 -0.5041126 -0.09229626 0.54388833 0.20771356 0.16814387 NaN 0.5721674 0.48017102 0.275781 NaN 0.41740334 NaN NaN NaN NaN NaN NaN NaN NaN NaN NaN NaN NaN NaN NaN NaN NaN NaN NaN 0.089162715 0.019738289 0.17927189 0.31778482 -0.14662057 -0.4443222 -0.061923187 0.12262014 -0.1170459 0.027032753 0.38209626 0.10780707 0.2341413 -0.23117669 -0.021497352 0.33977592 0.33632377 0.5112379 0.44513685 0.44507137 -0.4543592 -0.5072728 -0.64037955 -0.1123782 -0.2888822 -0.2424255 -0.66453093 -0.62737966 -0.6326279 -0.63382065 -0.5877771 -0.639744 -0.6209803 -0.57790595 -0.6449143 -0.6121761 -0.53949 0.3129057 0.4959343 0.58555794 0.5773954 0.2471948 0.07547093 0.29241508 0.22234128 -0.08357381 -0.48505655 -0.33467215 -0.5657994 -0.5105922 -0.530162 -0.4148266 0.29628733 0.08811677 0.22089207 0.356017 0.15222536 -0.4664394 -0.5538456 -0.5954657 -0.617173 -0.67001885 -0.6629958 -0.66166127 -0.56783134 -0.51483744 -0.5705574 -0.5784699 -0.6117203 -0.5904024 -0.57461894 -0.56168586 -0.54143226 -0.52531934 -0.54823196 -0.41521353 
-0.29762515 -0.02985019 0.0967879 0.27621174 -0.28895855 -0.44330472 -0.38882163 0.7469622 0.90483266 0.8958856 0.908938 0.9080183 1.0 0.9596179 0.8453193 0.62181854 0.7430907 0.8745646 0.79558843 0.2566438 -0.12720849 0.37669432 0.72492343 0.6412367 0.59701604 0.59247106 0.54122716 0.41368333 0.5705465 0.597459 0.63798416 0.6507499 0.44878885 -0.56551015 -0.62198883 -0.59632224 -0.5952627 -0.47755712 -0.026768692 0.6177633 0.10469603 0.106110975 NaN 0.63036793 0.3503291 0.2865486 NaN 0.4012343 NaN NaN NaN NaN NaN NaN NaN NaN NaN NaN NaN NaN NaN NaN NaN NaN NaN NaN 0.22444364 0.11317693 0.24697512 0.43699855 -0.009947512 -0.40953755 -0.069084704 0.14114472 -0.089877255 0.07385139 0.36943144 0.12981734 0.21272875 -0.19232231 -0.024602449 0.26448286 0.2747394 0.400291 0.33932674 0.35303083 -0.3914462 -0.47392988 -0.59241575 -0.17795253 -0.36996073 -0.3020747 -0.6519234 -0.6280189 -0.64828974 -0.626124 -0.6125463 -0.63460445 -0.634428 -0.60376006 -0.6147416 -0.6179394 -0.45575875 0.33718967 0.43585414 0.50420237 0.5141679 0.21218553 0.04355421 0.22688442 0.14360519 -0.11257134 -0.4400697 -0.27327782 -0.5294231 -0.4943904 -0.518316 -0.41719842 0.24526937 0.05182833 0.17094229 0.28132957 0.09366266 -0.4287107 -0.563456 -0.5758917 -0.56163293 -0.64261323 -0.6592885 -0.6859904 -0.5856427 -0.54401463 -0.60205454 -0.62336785 -0.63940215 -0.6350793 -0.62257737 -0.6351935 -0.60456216 -0.5620221 -0.58332485 -0.47221085 
-0.29277718 -0.05005692 0.073078044 0.2273259 -0.32970554 -0.49484688 -0.44430703 0.74250114 0.93712497 0.9176369 0.92058533 0.94151986 0.9596179 1.0 0.8384679 0.5739096 0.740323 0.87513036 0.795445 0.1862163 -0.20614992 0.30735788 0.6961706 0.63121474 0.5880578 0.5855771 0.50059235 0.35985488 0.56997836 0.5816981 0.61793035 0.6314085 0.41885027 -0.5992508 -0.6248031 -0.59809244 -0.6115937 -0.52530843 -0.08105487 0.558878 0.16600807 0.13064834 NaN 0.62947017 0.32646015 0.23324512 NaN 0.40675095 NaN NaN NaN NaN NaN NaN NaN NaN NaN NaN NaN NaN NaN NaN NaN NaN NaN NaN 0.09727408 0.03070877 0.13439374 0.36280605 -0.1286192 -0.41999796 -0.021733513 0.1766018 -0.070261076 0.089073256 0.41866568 0.1649585 0.27298963 -0.17401436 0.018245107 0.33650026 0.33399606 0.43686515 0.37660435 0.4062838 -0.3963122 -0.45600432 -0.60574734 -0.09726302 -0.31212857 -0.2605385 -0.65451777 -0.6104185 -0.6313857 -0.6377085 -0.598021 -0.6372122 -0.63065386 -0.59983814 -0.63992757 -0.59808576 -0.50352013 0.37379086 0.49656722 0.5362951 0.55949837 0.28616476 0.0907382 0.29260308 0.221606 -0.06084625 -0.42944258 -0.31171227 -0.5657145 -0.5216178 -0.505321 -0.39943066 0.2932986 0.10144722 0.22101791 0.32498142 0.14860152 -0.44753268 -0.5431216 -0.57771075 -0.59344846 -0.65676296 -0.657856 -0.6735774 -0.5894087 -0.53971666 -0.593755 -0.6023494 -0.626008 -0.6122877 -0.6032201 -0.595312 -0.57142556 -0.55441123 -0.5789015 -0.45924816 
-0.11217669 0.15201743 0.31150067 0.43886647 -0.045845143 -0.24129091 -0.16343324 0.79598653 0.7914015 0.8329908 0.7743399 0.7403666 0.8453193 0.8384679 1.0 0.8390585 0.80293286 0.7770744 0.8544594 0.553797 0.1996368 0.62021923 0.67678684 0.531465 0.4479619 0.47002056 0.56335723 0.5407742 0.5323604 0.54111564 0.56307757 0.6230906 0.5583309 -0.3522932 -0.47835556 -0.48098955 -0.39942342 -0.24707013 0.19557802 0.5686102 0.105037756 0.124489725 NaN 0.65610486 0.20374689 0.36220747 NaN 0.36918703 NaN NaN NaN NaN NaN NaN NaN NaN NaN NaN NaN NaN NaN NaN NaN NaN NaN NaN 0.15977989 -0.030877283 0.10485807 0.32183465 -0.12600169 -0.34547138 -0.13642871 0.014229276 -0.13189821 -0.015348579 0.17155981 0.048068084 0.076611385 -0.148644 -0.060274027 0.07273293 0.09755531 0.1151086 0.06818304 0.10575405 -0.3106632 -0.4142066 -0.44573146 -0.26983848 -0.42378175 -0.35189304 -0.54576486 -0.549283 -0.54848784 -0.5210849 -0.5471269 -0.51299524 -0.54903895 -0.5283511 -0.4716471 -0.44789222 -0.2659146 0.30677468 0.2978227 0.2543573 0.32719257 0.19802874 0.12224186 0.19031273 0.13743377 0.012604341 -0.18622309 -0.057832137 -0.31227323 -0.26202226 -0.28300393 -0.17566395 0.20760389 0.12097001 0.14934449 0.18863413 0.0991881 -0.1802474 -0.34331217 -0.36042014 -0.33865887 -0.44589353 -0.48860753 -0.5620958 -0.5309287 -0.52632016 -0.55528617 -0.5840695 -0.556958 -0.58042806 -0.582708 -0.5791041 -0.5495042 -0.54269105 -0.50256306 -0.4823129 
0.074881405 0.2958767 0.39491016 0.4263346 0.22995919 0.09974427 0.1690261 0.64199555 0.47884598 0.55864054 0.52244586 0.49700153 0.62181854 0.5739096 0.8390585 1.0 0.7926117 0.5571733 0.7372167 0.7857429 0.5205989 0.70289594 0.47874978 0.33538806 0.22281364 0.2545234 0.4637362 0.5020414 0.29567614 0.2920965 0.3156936 0.37148732 0.48425168 -0.022512805 -0.2264358 -0.23555943 -0.10125698 0.082977995 0.40101936 0.5176315 0.09847666 0.36464635 NaN 0.5737416 0.23889379 0.6343237 NaN 0.3733764 NaN NaN NaN NaN NaN NaN NaN NaN NaN NaN NaN NaN NaN NaN NaN NaN NaN NaN 0.13398558 -0.09747354 0.029888937 0.1834888 -0.09816764 -0.21268451 -0.26708102 -0.20270948 -0.22207938 -0.17237562 -0.13392006 -0.12171031 -0.16765682 -0.15604816 -0.15683055 -0.19008379 -0.15109935 -0.16159551 -0.20355429 -0.19856703 -0.20489305 -0.3771627 -0.25367522 -0.45705226 -0.50603896 -0.46505803 -0.37597594 -0.4371144 -0.41876712 -0.2953303 -0.4099078 -0.3067545 -0.37042084 -0.34718627 -0.21262513 -0.2845574 -0.032861684 0.1023013 0.04992975 -0.00307858 0.0555566 0.040004857 0.09620674 0.021290042 -0.02687829 -0.010546286 0.0025740038 0.15359923 -0.016597409 0.059930228 -0.043041762 0.0044751507 0.045691513 0.050162487 -0.013241161 -0.03486765 -0.055584125 0.06930262 -0.15511568 -0.13879366 -0.06677694 -0.18229172 -0.25609925 -0.3638483 -0.33924118 -0.37174693 -0.3884663 -0.43936947 -0.37461567 -0.42560604 -0.41746476 -0.43185872 -0.4336761 -0.38886544 -0.30005097 -0.43361145 
-0.1871608 0.06655969 0.07467785 0.14663045 -0.18264878 -0.2535736 -0.24308433 0.51606226 0.6052643 0.59697723 0.7112858 0.7634839 0.7430907 0.740323 0.80293286 0.7926117 1.0 0.84469086 0.8170703 0.46371707 0.1615609 0.4777065 0.6382889 0.6495224 0.57642657 0.56947887 0.55933005 0.42339268 0.45361763 0.46748853 0.51474285 0.4937215 0.43520114 -0.33720922 -0.44705975 -0.43303373 -0.38418183 -0.24431682 0.1588356 0.587943 0.35220262 0.4863593 NaN 0.68090475 0.55117846 0.5761704 NaN 0.50878435 NaN NaN NaN NaN NaN NaN NaN NaN NaN NaN NaN NaN NaN NaN NaN NaN NaN NaN 0.05744226 -0.06926273 0.11167399 0.14168559 -0.23570567 -0.4283337 -0.21345821 -0.085814245 -0.26627076 -0.1665315 0.09148474 -0.04696049 0.033258814 -0.24448441 -0.06933476 0.13961624 0.1457087 0.26340464 0.1872812 0.16748329 -0.43950385 -0.5756209 -0.58339036 -0.32730153 -0.44326127 -0.3842218 -0.64723206 -0.6418153 -0.6323738 -0.5806973 -0.58610743 -0.6022712 -0.61252 -0.55904067 -0.5449961 -0.5276342 -0.41563696 0.19502974 0.33957577 0.3903555 0.40137953 0.20457874 0.17283076 0.27694443 0.2310919 0.046908177 -0.24253313 -0.061298765 -0.35315603 -0.22616069 -0.24914412 -0.17557904 0.32486972 0.20246892 0.22954516 0.2889202 0.182403 -0.18955873 -0.35305697 -0.38488224 -0.40040103 -0.5045234 -0.53473294 -0.57837033 -0.5249897 -0.53261966 -0.5638974 -0.5820681 -0.5734333 -0.5880217 -0.56699556 -0.5146376 -0.52346224 -0.5457955 -0.49135372 -0.46388623 
-0.33865142 -0.0914917 -0.0012074533 0.1410978 -0.40110824 -0.518362 -0.48409307 0.5895392 0.79015607 0.75510347 0.85901594 0.89151806 0.8745646 0.87513036 0.7770744 0.5571733 0.84469086 1.0 0.86973816 0.2612362 -0.11422678 0.40349913 0.8102074 0.8159139 0.7810947 0.77165294 0.65096027 0.4588881 0.6915977 0.7181961 0.74920624 0.71131593 0.47302923 -0.5720043 -0.6090478 -0.58259887 -0.5954913 -0.49244818 -0.016490731 0.64835435 0.24078877 0.21047808 NaN 0.7067746 0.53524697 0.35096648 NaN 0.46118066 NaN NaN NaN NaN NaN NaN NaN NaN NaN NaN NaN NaN NaN NaN NaN NaN NaN NaN 0.10017655 -0.010369699 0.16677284 0.28194502 -0.17811258 -0.50962514 -0.11292489 0.08550064 -0.17800713 -0.019907715 0.36473954 0.09243118 0.22514565 -0.25203153 -0.02192304 0.3488944 0.32964537 0.5111013 0.42101687 0.40094918 -0.5122621 -0.586886 -0.7123997 -0.20350891 -0.3963485 -0.3416655 -0.7336262 -0.70306927 -0.7062933 -0.6869569 -0.6496515 -0.7072466 -0.7080287 -0.67180395 -0.71332455 -0.699628 -0.6213596 0.24785331 0.4368236 0.5528431 0.5509153 0.23661427 0.048508223 0.26912636 0.20737104 -0.075626634 -0.47823152 -0.30554947 -0.57275933 -0.4972408 -0.4921094 -0.38195986 0.36037874 0.15030126 0.28302044 0.41721803 0.19669251 -0.44200265 -0.53453875 -0.5668624 -0.6150407 -0.682463 -0.6817369 -0.69222385 -0.6037682 -0.5604011 -0.6106195 -0.6187172 -0.6480435 -0.6334459 -0.61750144 -0.6026168 -0.5824928 -0.57566494 -0.5863233 -0.46108973 
-0.19123904 0.031299856 0.19819315 0.28577003 -0.21643119 -0.41260207 -0.35093403 0.7015674 0.73313296 0.73965746 0.7414748 0.71642876 0.79558843 0.795445 0.8544594 0.7372167 0.8170703 0.86973816 1.0 0.55657053 0.13922322 0.650472 0.8362421 0.7194298 0.6377095 0.6743485 0.7085326 0.6342047 0.7217097 0.71688104 0.7324572 0.74146014 0.6279144 -0.43075588 -0.52684015 -0.5145139 -0.47028306 -0.3595159 0.13770911 0.6387017 0.23592246 0.31105852 NaN 0.7120563 0.3330468 0.4399864 NaN 0.46483153 NaN NaN NaN NaN NaN NaN NaN NaN NaN NaN NaN NaN NaN NaN NaN NaN NaN NaN 0.05211294 -0.09347555 0.03850803 0.19628444 -0.25286192 -0.51204675 -0.2018752 -0.02372939 -0.23987533 -0.08709077 0.21137701 0.02998581 0.10231814 -0.23867223 -0.080188625 0.13609144 0.15368809 0.24868831 0.17239612 0.18316422 -0.43803412 -0.53984654 -0.60382897 -0.28081274 -0.5149698 -0.4135876 -0.6743051 -0.6480797 -0.6496616 -0.6342403 -0.6178348 -0.63538086 -0.6580882 -0.64802206 -0.6167375 -0.57216465 -0.48653004 0.22041674 0.30705503 0.28912783 0.35363647 0.18505704 0.042529054 0.17371982 0.18755573 0.019852558 -0.25750604 -0.14388017 -0.42709702 -0.32314378 -0.28334865 -0.1710313 0.34778076 0.21626171 0.27597436 0.32677522 0.21285474 -0.2050465 -0.325474 -0.36763915 -0.39907408 -0.50283635 -0.5174802 -0.57488257 -0.549792 -0.54957587 -0.5752424 -0.5811233 -0.5723539 -0.5902626 -0.5815765 -0.54886705 -0.54260075 -0.56447303 -0.5112631 -0.4443449 
0.20873986 0.35630375 0.47347954 0.44897258 0.46308896 0.33630335 0.41119307 0.43024114 0.115548 0.23710693 0.14672825 0.09382063 0.2566438 0.1862163 0.553797 0.7857429 0.46371707 0.2612362 0.55657053 1.0 0.8491679 0.84910536 0.35793874 0.20293713 0.089536615 0.13716677 0.43791306 0.58121854 0.23681587 0.2416904 0.2254693 0.3150283 0.53851604 0.33007848 0.0868542 0.048282206 0.23004885 0.41052395 0.6133851 0.38296142 -0.0470681 0.18372478 NaN 0.36917222 0.054196015 0.5374029 NaN 0.12928303 NaN NaN NaN NaN NaN NaN NaN NaN NaN NaN NaN NaN NaN NaN NaN NaN NaN NaN 0.02278133 -0.27998617 -0.08945337 0.0071061687 -0.20088826 -0.19449249 -0.4457963 -0.4159884 -0.2998735 -0.31101555 -0.39681858 -0.30336022 -0.40414226 -0.19799483 -0.31171477 -0.47800297 -0.42559412 -0.43632627 -0.47405425 -0.48788774 -0.12065762 -0.27619183 -0.028181365 -0.563069 -0.51638436 -0.49915478 -0.108719215 -0.22848187 -0.18577711 -0.026145201 -0.20160502 -0.03150022 -0.12671323 -0.15307337 0.05250269 -0.07113785 0.1939067 -0.17564636 -0.29386887 -0.39377463 -0.32213315 -0.21214418 -0.050459404 -0.24680142 -0.21240027 -0.05056236 0.2034661 0.38646203 0.3249352 0.363234 0.20624918 0.25134587 -0.09507251 0.0035901787 -0.12995917 -0.17645937 -0.14304318 0.35335702 0.17969567 0.21051176 0.31675974 0.21562831 0.12620814 -0.0119114965 -0.02547589 -0.10289643 -0.085536174 -0.16095224 -0.045627475 -0.12582135 -0.13408583 -0.17210224 -0.17973705 -0.12186886 -0.0028814776 -0.22516574 
0.28309482 0.36311972 0.38662156 0.3339252 0.6241572 0.6158684 0.64054114 0.07251833 -0.27393585 -0.13613297 -0.22433111 -0.24927464 -0.12720849 -0.20614992 0.1996368 0.5205989 0.1615609 -0.11422678 0.13922322 0.8491679 1.0 0.7211042 0.01998745 -0.07041396 -0.17726292 -0.15149 0.15311396 0.3513165 -0.07812269 -0.06001227 -0.08825286 0.002477104 0.28165406 0.6195803 0.36671036 0.31153917 0.5209749 0.6917045 0.61183584 0.09700417 -0.08972205 0.106381446 NaN 0.05960022 -0.06803518 0.4134286 NaN -0.073418215 NaN NaN NaN NaN NaN NaN NaN NaN NaN NaN NaN NaN NaN NaN NaN NaN NaN NaN -0.012998992 -0.28807917 -0.14455737 -0.15874122 -0.15159872 -0.02466661 -0.47844216 -0.52822477 -0.26337355 -0.35990337 -0.5895262 -0.3935219 -0.555445 -0.16512722 -0.3629205 -0.6311414 -0.57392156 -0.61439604 -0.6255811 -0.6512158 0.020318191 -0.12505013 0.21006876 -0.58756703 -0.41077104 -0.4506591 0.16001478 -0.025728935 0.032539662 0.22908954 -0.004761453 0.2207349 0.11187336 0.08452677 0.30042073 0.13162299 0.42702505 -0.34042922 -0.47801933 -0.5661004 -0.510442 -0.29681906 -0.023067823 -0.3191306 -0.3120998 -0.029781539 0.38974494 0.6011043 0.6359912 0.62330663 0.3841565 0.41973928 -0.22301458 -0.04639683 -0.22261406 -0.29360592 -0.22032094 0.5609563 0.38919893 0.46625718 0.62101626 0.5303981 0.42012802 0.27358916 0.2505081 0.1472356 0.18061173 0.08851989 0.21892998 0.12702967 0.11346658 0.047154445 0.03116175 0.12743786 0.2324863 -0.05782003 
0.007133 0.19497392 0.36361483 0.410936 0.2085101 0.07027478 0.14885008 0.5259087 0.2713126 0.380092 0.29019183 0.21045795 0.37669432 0.30735788 0.62021923 0.70289594 0.4777065 0.40349913 0.650472 0.84910536 0.7211042 1.0 0.6294624 0.47726303 0.35518688 0.39813372 0.6644434 0.7887439 0.51584226 0.52376616 0.4997573 0.5875102 0.70532733 0.10327949 -0.16475864 -0.20561023 -0.01479704 0.19869281 0.49375218 0.45287162 0.057744212 0.14129354 NaN 0.48053628 0.11399465 0.47440308 NaN 0.17127861 NaN NaN NaN NaN NaN NaN NaN NaN NaN NaN NaN NaN NaN NaN NaN NaN NaN NaN 0.11878469 -0.14014117 -0.034810487 0.12438717 -0.14762408 -0.26767945 -0.3540035 -0.29090297 -0.24271096 -0.21956967 -0.21811122 -0.19096874 -0.2686672 -0.22837046 -0.26273274 -0.3030018 -0.24345875 -0.25126478 -0.26545867 -0.24980207 -0.15623638 -0.34188718 -0.2047809 -0.49708045 -0.534572 -0.5249024 -0.33928654 -0.45563117 -0.42940506 -0.30325252 -0.4610368 -0.3074022 -0.39802134 -0.41034648 -0.229175 -0.3068082 1.7869398E-4 -0.0036471097 -0.06926144 -0.17932898 -0.091146566 -0.02644644 0.052509136 -0.08736386 -0.09998277 -8.062295E-4 0.10339967 0.2976667 0.13215207 0.17567179 0.062687136 0.20847175 0.1301082 0.19048038 0.11054836 0.092231564 0.06836884 0.27537656 0.051541477 0.103067905 0.17676447 0.019586967 -0.074976936 -0.24135219 -0.24831028 -0.3138956 -0.31193486 -0.38490707 -0.29000157 -0.37123075 -0.38261792 -0.4213001 -0.40732247 -0.34955183 -0.24544042 -0.3686196 
-0.35524046 -0.11697789 0.03977656 0.1827189 -0.40365073 -0.53420335 -0.48975444 0.592152 0.6857425 0.67282957 0.7103573 0.6432375 0.72492343 0.6961706 0.67678684 0.47874978 0.6382889 0.8102074 0.8362421 0.35793874 0.01998745 0.6294624 1.0 0.91592145 0.8370707 0.85572344 0.84175277 0.7338632 0.88098264 0.8859406 0.9021076 0.87466353 0.6578809 -0.5274694 -0.62488675 -0.6145834 -0.5886486 -0.4729635 -0.012069511 0.604752 0.23654789 0.21852612 NaN 0.71464103 0.35740432 0.31729344 NaN 0.41179347 NaN NaN NaN NaN NaN NaN NaN NaN NaN NaN NaN NaN NaN NaN NaN NaN NaN NaN 0.16955718 0.068629324 0.15175119 0.2981241 -0.124691874 -0.48305115 -0.11027698 0.07913108 -0.1594466 -0.0034606024 0.30852655 0.08430345 0.15636274 -0.259022 -0.05678608 0.25069577 0.27359882 0.40950772 0.36901626 0.38488623 -0.37505728 -0.507352 -0.64727235 -0.20675433 -0.4433541 -0.39124843 -0.73795736 -0.74243844 -0.7617118 -0.7199924 -0.7224854 -0.7374682 -0.7671211 -0.7470496 -0.7285835 -0.7298803 -0.58084726 0.25949422 0.4022253 0.43073827 0.47056538 0.2512741 0.061539743 0.20397985 0.14205942 -0.04771559 -0.38003123 -0.19681521 -0.50751454 -0.42379227 -0.39503404 -0.25253287 0.4599291 0.29367322 0.4070606 0.50096357 0.31502283 -0.27694094 -0.42971155 -0.41367975 -0.45507774 -0.586365 -0.61365753 -0.67944014 -0.612011 -0.5861774 -0.63941604 -0.66053253 -0.66481274 -0.67578673 -0.66691583 -0.66722655 -0.6447576 -0.6196472 -0.6240007 -0.501006 
-0.42605996 -0.20703545 -0.1440966 -0.012330499 -0.50682026 -0.56188023 -0.55117023 0.38612714 0.5788525 0.53545845 0.66229886 0.67070836 0.6412367 0.63121474 0.531465 0.33538806 0.6495224 0.8159139 0.7194298 0.20293713 -0.07041396 0.47726303 0.91592145 1.0 0.9683353 0.95837724 0.8390141 0.6565269 0.8681725 0.879276 0.8862025 0.8093416 0.5503305 -0.53277624 -0.6002692 -0.58570224 -0.5848875 -0.47664776 -0.052699678 0.58929014 0.33653584 0.27963537 NaN 0.66320616 0.5533192 0.34901062 NaN 0.42435527 NaN NaN NaN NaN NaN NaN NaN NaN NaN NaN NaN NaN NaN NaN NaN NaN NaN NaN 0.081027314 0.0052160397 0.14492908 0.21092762 -0.19290923 -0.5180758 -0.1376998 0.03317899 -0.21335262 -0.070793085 0.28880006 0.03131939 0.14803527 -0.31681117 -0.07677463 0.3073782 0.29769555 0.5033768 0.463122 0.45504713 -0.44619492 -0.5534835 -0.69789034 -0.17677803 -0.37512088 -0.3499145 -0.748649 -0.7552189 -0.76522493 -0.7236938 -0.7147526 -0.7520012 -0.7635316 -0.73087114 -0.75440085 -0.7559935 -0.6599672 0.18493159 0.42870286 0.5101181 0.50830317 0.23772521 0.06464281 0.24894834 0.18721606 -0.06647495 -0.44787145 -0.22170727 -0.5151021 -0.4216298 -0.42040968 -0.2699397 0.51043665 0.31885344 0.44720963 0.5815665 0.35609037 -0.3194194 -0.44468537 -0.43703252 -0.5034715 -0.60991925 -0.62337774 -0.66362035 -0.58381 -0.5479701 -0.6024798 -0.62166125 -0.64398015 -0.64131844 -0.6292386 -0.613188 -0.60167485 -0.58052444 -0.5936333 -0.46419182 
-0.43201512 -0.23613451 -0.19174874 -0.054992795 -0.53714 -0.5778549 -0.57012224 0.32018614 0.5382927 0.48107666 0.62930095 0.64251035 0.59701604 0.5880578 0.4479619 0.22281364 0.57642657 0.7810947 0.6377095 0.089536615 -0.17726292 0.35518688 0.8370707 0.9683353 1.0 0.9858007 0.8224449 0.6049445 0.85485107 0.8710847 0.87557185 0.7785615 0.4780493 -0.5559841 -0.58322674 -0.5638072 -0.5924543 -0.5105107 -0.11176671 0.5478043 0.32483348 0.22670154 NaN 0.59032106 0.5471476 0.26675186 NaN 0.39269337 NaN NaN NaN NaN NaN NaN NaN NaN NaN NaN NaN NaN NaN NaN NaN NaN NaN NaN 0.085558884 0.033585776 0.1826965 0.21376082 -0.16487232 -0.5168824 -0.12857509 0.046194695 -0.20504591 -0.058827635 0.3088223 0.03937071 0.16675659 -0.31603345 -0.07050107 0.33398482 0.31558505 0.5298538 0.48624104 0.4806407 -0.45942423 -0.53909284 -0.68467563 -0.1308105 -0.31662232 -0.27842125 -0.7056586 -0.7036153 -0.713109 -0.6876937 -0.65711004 -0.71824163 -0.7135429 -0.6844702 -0.72897506 -0.7322866 -0.66564053 0.1658437 0.42192993 0.5221782 0.50764304 0.20416714 0.016486512 0.22465232 0.17213322 -0.10343474 -0.5029754 -0.2902229 -0.5496408 -0.46399513 -0.45860964 -0.31813306 0.4942763 0.28276947 0.4346499 0.5847462 0.33740944 -0.3763423 -0.4678072 -0.46816638 -0.5423839 -0.6224239 -0.62411034 -0.6364548 -0.55231863 -0.50370693 -0.5579545 -0.5693401 -0.60497147 -0.59344673 -0.57854617 -0.56371486 -0.5463699 -0.5315017 -0.5591766 -0.40006077 
-0.3987838 -0.19886555 -0.13441762 -0.009268833 -0.5054649 -0.5701233 -0.55476695 0.36248896 0.54362637 0.4887259 0.6177969 0.6114779 0.59247106 0.5855771 0.47002056 0.2545234 0.56947887 0.77165294 0.6743485 0.13716677 -0.15149 0.39813372 0.85572344 0.95837724 0.9858007 1.0 0.8789877 0.6774291 0.90825146 0.9130305 0.91434294 0.8252519 0.53866494 -0.5378901 -0.5784926 -0.5628795 -0.57930404 -0.49931234 -0.083706975 0.556672 0.32997584 0.2444491 NaN 0.62292486 0.4907197 0.2715479 NaN 0.3992699 NaN NaN NaN NaN NaN NaN NaN NaN NaN NaN NaN NaN NaN NaN NaN NaN NaN NaN 0.06517915 0.013741882 0.14124562 0.21605283 -0.19259441 -0.49626663 -0.11330653 0.06167518 -0.18179399 -0.040614054 0.31100515 0.058597077 0.17068848 -0.29594782 -0.062513664 0.31317288 0.30136266 0.4895864 0.4445676 0.45082694 -0.43144667 -0.5188768 -0.665715 -0.13532338 -0.33380434 -0.29035968 -0.7019721 -0.69633484 -0.7087704 -0.6863518 -0.6628074 -0.7138776 -0.7172356 -0.69538146 -0.720723 -0.71665394 -0.6472616 0.18274911 0.41978568 0.48873183 0.4892887 0.20842975 0.018541062 0.21187933 0.16674176 -0.09768802 -0.47606245 -0.27818936 -0.54540867 -0.45604944 -0.43593228 -0.29533458 0.49923036 0.3001582 0.44101435 0.5760496 0.34831974 -0.34239778 -0.441203 -0.44089204 -0.5161268 -0.60325176 -0.6091471 -0.6320231 -0.55969536 -0.518415 -0.56796664 -0.5789267 -0.6075525 -0.6014864 -0.5903136 -0.5725609 -0.5570195 -0.54759794 -0.5616795 -0.42340156 
-0.26894394 -0.052879214 0.069410115 0.16931261 -0.27923146 -0.3887361 -0.3277221 0.48657367 0.47405323 0.47659248 0.523372 0.46246812 0.54122716 0.50059235 0.56335723 0.4637362 0.55933005 0.65096027 0.7085326 0.43791306 0.15311396 0.6644434 0.84175277 0.8390141 0.8224449 0.8789877 1.0 0.91501045 0.90458876 0.8943989 0.8896636 0.85929465 0.74407375 -0.3135636 -0.48137957 -0.49523303 -0.41692573 -0.26716727 0.1587526 0.5547952 0.23983714 0.23295774 NaN 0.6141836 0.313889 0.38214967 NaN 0.3441549 NaN NaN NaN NaN NaN NaN NaN NaN NaN NaN NaN NaN NaN NaN NaN NaN NaN NaN 0.19796355 0.049345095 0.17355649 0.3058851 -0.115321316 -0.36953712 -0.15628733 -0.030741498 -0.17873622 -0.07487047 0.119583964 -0.012349802 0.012952251 -0.25526604 -0.11792716 0.07943415 0.10897725 0.20483114 0.1881035 0.21982378 -0.27257383 -0.42801356 -0.48981142 -0.250019 -0.39770576 -0.34986472 -0.6255263 -0.66099626 -0.67014754 -0.61520875 -0.66285205 -0.63021773 -0.6670113 -0.6550106 -0.58286476 -0.6067317 -0.41254336 0.19830851 0.28647643 0.2599849 0.3123892 0.15155412 0.050805558 0.11757899 0.06981362 -0.05824925 -0.27568948 -0.075230025 -0.33489242 -0.2332133 -0.25971273 -0.113361046 0.4183498 0.32573113 0.3768909 0.44058505 0.30172297 -0.07743816 -0.2721634 -0.24286759 -0.2663277 -0.41715384 -0.46733278 -0.56571776 -0.54061687 -0.54171413 -0.57404345 -0.61200225 -0.59037894 -0.6246523 -0.62104243 -0.6234071 -0.60654855 -0.5784107 -0.52411866 -0.49230865 
